        Frequency / GHz                SZmin(2),Zmax(1) (29)/abs,dB
----------------------------------------------------------------------
                       2                      -31.762457
                   2.003                       -31.72844
                   2.006                      -31.694243
                   2.009                      -31.659867
                   2.012                       -31.62531
                   2.015                      -31.590571
                   2.018                      -31.555648
                   2.021                      -31.520541
                   2.024                      -31.485247
                   2.027                      -31.449766
                    2.03                      -31.414096
                   2.033                      -31.378236
                   2.036                      -31.342185
                   2.039                      -31.305941
                   2.042                      -31.269502
                   2.045                      -31.232869
                   2.048                      -31.196038
                   2.051                       -31.15901
                   2.054                      -31.121781
                   2.057                      -31.084352
                    2.06                       -31.04672
                   2.063                      -31.008885
                   2.066                      -30.970844
                   2.069                      -30.932596
                   2.072                       -30.89414
                   2.075                      -30.855475
                   2.078                      -30.816598
                   2.081                      -30.777509
                   2.084                      -30.738205
                   2.087                      -30.698686
                    2.09                       -30.65895
                   2.093                      -30.618995
                   2.096                       -30.57882
                   2.099                      -30.538422
                   2.102                      -30.497802
                   2.105                      -30.456956
                   2.108                      -30.415884
                   2.111                      -30.374583
                   2.114                      -30.333053
                   2.117                      -30.291291
                    2.12                      -30.249296
                   2.123                      -30.207066
                   2.126                        -30.1646
                   2.129                      -30.121895
                   2.132                      -30.078951
                   2.135                      -30.035765
                   2.138                      -29.992335
                   2.141                      -29.948661
                   2.144                      -29.904739
                   2.147                      -29.860569
                    2.15                      -29.816148
                   2.153                      -29.771476
                   2.156                      -29.726549
                   2.159                      -29.681366
                   2.162                      -29.635925
                   2.165                      -29.590225
                   2.168                      -29.544263
                   2.171                      -29.498038
                   2.174                      -29.451547
                   2.177                      -29.404789
                    2.18                      -29.357762
                   2.183                      -29.310464
                   2.186                      -29.262892
                   2.189                      -29.215045
                   2.192                      -29.166921
                   2.195                      -29.118518
                   2.198                      -29.069833
                   2.201                      -29.020865
                   2.204                      -28.971612
                   2.207                       -28.92207
                    2.21                       -28.87224
                   2.213                      -28.822117
                   2.216                        -28.7717
                   2.219                      -28.720987
                   2.222                      -28.669975
                   2.225                      -28.618662
                   2.228                      -28.567047
                   2.231                      -28.515126
                   2.234                      -28.462898
                   2.237                       -28.41036
                    2.24                       -28.35751
                   2.243                      -28.304345
                   2.246                      -28.250863
                   2.249                      -28.197061
                   2.252                      -28.142938
                   2.255                      -28.088491
                   2.258                      -28.033716
                   2.261                      -27.978613
                   2.264                      -27.923177
                   2.267                      -27.867408
                    2.27                      -27.811301
                   2.273                      -27.754854
                   2.276                      -27.698065
                   2.279                      -27.640932
                   2.282                       -27.58345
                   2.285                      -27.525619
                   2.288                      -27.467434
                   2.291                      -27.408893
                   2.294                      -27.349993
                   2.297                      -27.290732
                     2.3                      -27.231107
                   2.303                      -27.171114
                   2.306                       -27.11075
                   2.309                      -27.050014
                   2.312                      -26.988901
                   2.315                      -26.927408
                   2.318                      -26.865534
                   2.321                      -26.803273
                   2.324                      -26.740624
                   2.327                      -26.677583
                    2.33                      -26.614147
                   2.333                      -26.550312
                   2.336                      -26.486076
                   2.339                      -26.421435
                   2.342                      -26.356385
                   2.345                      -26.290924
                   2.348                      -26.225047
                   2.351                      -26.158752
                   2.354                      -26.092034
                   2.357                       -26.02489
                    2.36                      -25.957317
                   2.363                       -25.88931
                   2.366                      -25.820867
                   2.369                      -25.751983
                   2.372                      -25.682654
                   2.375                      -25.612877
                   2.378                      -25.542648
                   2.381                      -25.471962
                   2.384                      -25.400817
                   2.387                      -25.329207
                    2.39                      -25.257129
                   2.393                      -25.184578
                   2.396                      -25.111551
                   2.399                      -25.038042
                   2.402                      -24.964049
                   2.405                      -24.889565
                   2.408                      -24.814588
                   2.411                      -24.739112
                   2.414                      -24.663134
                   2.417                      -24.586647
                    2.42                      -24.509649
                   2.423                      -24.432133
                   2.426                      -24.354096
                   2.429                      -24.275533
                   2.432                      -24.196438
                   2.435                      -24.116807
                   2.438                      -24.036634
                   2.441                      -23.955916
                   2.444                      -23.874646
                   2.447                      -23.792819
                    2.45                      -23.710431
                   2.453                      -23.627476
                   2.456                      -23.543949
                   2.459                      -23.459844
                   2.462                      -23.375155
                   2.465                      -23.289878
                   2.468                      -23.204007
                   2.471                      -23.117537
                   2.474                       -23.03046
                   2.477                      -22.942773
                    2.48                      -22.854469
                   2.483                      -22.765542
                   2.486                      -22.675986
                   2.489                      -22.585796
                   2.492                      -22.494966
                   2.495                      -22.403489
                   2.498                       -22.31136
                   2.501                      -22.218572
                   2.504                       -22.12512
                   2.507                      -22.030997
                    2.51                      -21.936197
                   2.513                      -21.840714
                   2.516                      -21.744543
                   2.519                      -21.647676
                   2.522                      -21.550108
                   2.525                      -21.451832
                   2.528                      -21.352843
                   2.531                      -21.253134
                   2.534                        -21.1527
                   2.537                      -21.051534
                    2.54                      -20.949631
                   2.543                      -20.846984
                   2.546                      -20.743588
                   2.549                      -20.639437
                   2.552                      -20.534526
                   2.555                      -20.428849
                   2.558                      -20.322402
                   2.561                      -20.215178
                   2.564                      -20.107175
                   2.567                      -19.998386
                    2.57                      -19.888807
                   2.573                      -19.778435
                   2.576                      -19.667266
                   2.579                      -19.555296
                   2.582                      -19.442522
                   2.585                      -19.328943
                   2.588                      -19.214556
                   2.591                       -19.09936
                   2.594                      -18.983353
                   2.597                      -18.866536
                     2.6                      -18.748908
                   2.603                      -18.630472
                   2.606                       -18.51123
                   2.609                      -18.391183
                   2.612                      -18.270337
                   2.615                      -18.148697
                   2.618                      -18.026268
                   2.621                      -17.903058
                   2.624                      -17.779077
                   2.627                      -17.654334
                    2.63                      -17.528842
                   2.633                      -17.402615
                   2.636                      -17.275668
                   2.639                      -17.148019
                   2.642                      -17.019689
                   2.645                        -16.8907
                   2.648                      -16.761076
                   2.651                      -16.630847
                   2.654                      -16.500042
                   2.657                      -16.368697
                    2.66                      -16.236847
                   2.663                      -16.104536
                   2.666                      -15.971807
                   2.669                       -15.83871
                   2.672                        -15.7053
                   2.675                      -15.571634
                   2.678                      -15.437777
                   2.681                      -15.303797
                   2.684                      -15.169769
                   2.687                      -15.035775
                    2.69                      -14.901901
                   2.693                       -14.76824
                   2.696                      -14.634894
                   2.699                       -14.50197
                   2.702                      -14.369583
                   2.705                      -14.237856
                   2.708                       -14.10692
                   2.711                      -13.976913
                   2.714                      -13.847983
                   2.717                      -13.720284
                    2.72                      -13.593981
                   2.723                      -13.469245
                   2.726                      -13.346255
                   2.729                      -13.225199
                   2.732                      -13.106272
                   2.735                      -12.989675
                   2.738                      -12.875615
                   2.741                      -12.764306
                   2.744                      -12.655965
                   2.747                      -12.550813
                    2.75                      -12.449072
                   2.753                      -12.350968
                   2.756                      -12.256721
                   2.759                      -12.166553
                   2.762                       -12.08068
                   2.765                      -11.999311
                   2.768                      -11.922648
                   2.771                      -11.850882
                   2.774                      -11.784194
                   2.777                      -11.722748
                    2.78                      -11.666693
                   2.783                      -11.616161
                   2.786                      -11.571264
                   2.789                      -11.532093
                   2.792                      -11.498718
                   2.795                      -11.471185
                   2.798                      -11.449518
                   2.801                      -11.433716
                   2.804                      -11.423754
                   2.807                      -11.419585
                    2.81                      -11.421138
                   2.813                      -11.428321
                   2.816                      -11.441022
                   2.819                      -11.459108
                   2.822                       -11.48243
                   2.825                      -11.510823
                   2.828                      -11.544109
                   2.831                      -11.582097
                   2.834                      -11.624585
                   2.837                      -11.671367
                    2.84                      -11.722227
                   2.843                      -11.776948
                   2.846                      -11.835309
                   2.849                       -11.89709
                   2.852                       -11.96207
                   2.855                      -12.030031
                   2.858                      -12.100761
                   2.861                      -12.174048
                   2.864                      -12.249689
                   2.867                      -12.327487
                    2.87                      -12.407251
                   2.873                      -12.488797
                   2.876                       -12.57195
                   2.879                      -12.656542
                   2.882                      -12.742415
                   2.885                      -12.829416
                   2.888                      -12.917404
                   2.891                      -13.006245
                   2.894                       -13.09581
                   2.897                      -13.185984
                     2.9                      -13.276654
                   2.903                      -13.367717
                   2.906                      -13.459078
                   2.909                      -13.550647
                   2.912                      -13.642342
                   2.915                      -13.734088
                   2.918                      -13.825812
                   2.921                      -13.917453
                   2.924                       -14.00895
                   2.927                      -14.100249
                    2.93                      -14.191302
                   2.933                      -14.282064
                   2.936                      -14.372495
                   2.939                      -14.462559
                   2.942                      -14.552222
                   2.945                      -14.641456
                   2.948                      -14.730234
                   2.951                      -14.818535
                   2.954                      -14.906338
                   2.957                      -14.993625
                    2.96                      -15.080382
                   2.963                      -15.166596
                   2.966                      -15.252256
                   2.969                      -15.337354
                   2.972                      -15.421882
                   2.975                      -15.505837
                   2.978                      -15.589213
                   2.981                      -15.672008
                   2.984                      -15.754223
                   2.987                      -15.835856
                    2.99                      -15.916911
                   2.993                      -15.997388
                   2.996                      -16.077291
                   2.999                      -16.156626
                   3.002                      -16.235396
                   3.005                      -16.313608
                   3.008                      -16.391269
                   3.011                      -16.468386
                   3.014                      -16.544966
                   3.017                      -16.621019
                    3.02                      -16.696552
                   3.023                      -16.771577
                   3.026                      -16.846101
                   3.029                      -16.920137
                   3.032                      -16.993694
                   3.035                      -17.066784
                   3.038                      -17.139417
                   3.041                      -17.211607
                   3.044                      -17.283364
                   3.047                      -17.354702
                    3.05                      -17.425632
                   3.053                      -17.496169
                   3.056                      -17.566324
                   3.059                      -17.636111
                   3.062                      -17.705544
                   3.065                      -17.774637
                   3.068                      -17.843404
                   3.071                      -17.911859
                   3.074                      -17.980017
                   3.077                      -18.047892
                    3.08                      -18.115499
                   3.083                      -18.182854
                   3.086                      -18.249972
                   3.089                      -18.316868
                   3.092                      -18.383559
                   3.095                       -18.45006
                   3.098                      -18.516388
                   3.101                       -18.58256
                   3.104                      -18.648591
                   3.107                        -18.7145
                    3.11                      -18.780303
                   3.113                      -18.846018
                   3.116                      -18.911664
                   3.119                      -18.977257
                   3.122                      -19.042818
                   3.125                      -19.108363
                   3.128                      -19.173914
                   3.131                      -19.239489
                   3.134                      -19.305107
                   3.137                      -19.370791
                    3.14                      -19.436559
                   3.143                      -19.502434
                   3.146                      -19.568436
                   3.149                      -19.634589
                   3.152                      -19.700914
                   3.155                      -19.767434
                   3.158                      -19.834174
                   3.161                      -19.901156
                   3.164                      -19.968407
                   3.167                      -20.035952
                    3.17                      -20.103816
                   3.173                      -20.172026
                   3.176                      -20.240611
                   3.179                      -20.309598
                   3.182                      -20.379016
                   3.185                      -20.448897
                   3.188                      -20.519269
                   3.191                      -20.590166
                   3.194                      -20.661621
                   3.197                      -20.733667
                     3.2                      -20.806339
                   3.203                      -20.879675
                   3.206                      -20.953711
                   3.209                      -21.028487
                   3.212                      -21.104043
                   3.215                       -21.18042
                   3.218                      -21.257664
                   3.221                      -21.335817
                   3.224                      -21.414929
                   3.227                      -21.495047
                    3.23                      -21.576222
                   3.233                      -21.658508
                   3.236                       -21.74196
                   3.239                      -21.826636
                   3.242                      -21.912596
                   3.245                      -21.999903
                   3.248                      -22.088623
                   3.251                      -22.178826
                   3.254                      -22.270584
                   3.257                      -22.363973
                    3.26                      -22.459073
                   3.263                      -22.555968
                   3.266                      -22.654747
                   3.269                      -22.755504
                   3.272                      -22.858335
                   3.275                      -22.963346
                   3.278                      -23.070645
                   3.281                      -23.180349
                   3.284                      -23.292581
                   3.287                      -23.407471
                    3.29                      -23.525157
                   3.293                      -23.645787
                   3.296                      -23.769518
                   3.299                      -23.896515
                   3.302                      -24.026958
                   3.305                      -24.161037
                   3.308                      -24.298956
                   3.311                      -24.440934
                   3.314                      -24.587206
                   3.317                      -24.738024
                    3.32                      -24.893661
                   3.323                      -25.054412
                   3.326                      -25.220594
                   3.329                      -25.392554
                   3.332                      -25.570666
                   3.335                      -25.755339
                   3.338                      -25.947019
                   3.341                      -26.146196
                   3.344                      -26.353404
                   3.347                      -26.569235
                    3.35                      -26.794339
                   3.353                       -27.02944
                   3.356                      -27.275339
                   3.359                      -27.532933
                   3.362                      -27.803223
                   3.365                       -28.08734
                   3.368                      -28.386558
                   3.371                      -28.702327
                   3.374                      -29.036301
                   3.377                      -29.390382
                    3.38                      -29.766768
                   3.383                      -30.168017
                   3.386                       -30.59713
                   3.389                       -31.05766
                   3.392                      -31.553846
                   3.395                      -32.090801
                   3.398                      -32.674766
                   3.401                      -33.313444
                   3.404                      -34.016486
                   3.407                      -34.796153
                    3.41                      -35.668276
                   3.413                       -36.65361
                   3.416                      -37.779708
                   3.419                      -39.083189
                   3.422                      -40.611051
                   3.425                      -42.413703
                   3.428                      -44.495451
                   3.431                      -46.588785
                   3.434                      -47.633444
                   3.437                      -46.549912
                    3.44                      -44.279967
                   3.443                        -41.9647
                   3.446                      -39.921292
                   3.449                      -38.156429
                   3.452                      -36.620638
                   3.455                      -35.266047
                   3.458                      -34.055076
                   3.461                      -32.959419
                   3.464                      -31.957765
                   3.467                      -31.033879
                    3.47                      -30.175204
                   3.473                      -29.371869
                   3.476                      -28.616003
                   3.479                      -27.901238
                   3.482                      -27.222362
                   3.485                      -26.575056
                   3.488                      -25.955711
                   3.491                      -25.361276
                   3.494                      -24.789157
                   3.497                      -24.237128
                     3.5                       -23.70327
                   3.503                      -23.185915
                   3.506                       -22.68361
                   3.509                      -22.195078
                   3.512                        -21.7192
                   3.515                      -21.254983
                   3.518                      -20.801553
                   3.521                      -20.358132
                   3.524                       -19.92403
                   3.527                      -19.498634
                    3.53                        -19.0814
                   3.533                      -18.671846
                   3.536                      -18.269543
                   3.539                      -17.874117
                   3.542                      -17.485239
                   3.545                      -17.102622
                   3.548                       -16.72602
                   3.551                      -16.355226
                   3.554                      -15.990069
                   3.557                      -15.630409
                    3.56                      -15.276142
                   3.563                      -14.927195
                   3.566                      -14.583523
                   3.569                      -14.245115
                   3.572                      -13.911983
                   3.575                      -13.584173
                   3.578                      -13.261754
                   3.581                      -12.944822
                   3.584                      -12.633499
                   3.587                      -12.327932
                    3.59                      -12.028289
                   3.593                      -11.734761
                   3.596                      -11.447558
                   3.599                      -11.166909
                   3.602                      -10.893056
                   3.605                      -10.626254
                   3.608                      -10.366769
                   3.611                       -10.11487
                   3.614                      -9.8708308
                   3.617                      -9.6349201
                    3.62                      -9.4074013
                   3.623                      -9.1885262
                   3.626                      -8.9785302
                   3.629                      -8.7776281
                   3.632                      -8.5860091
                   3.635                      -8.4038328
                   3.638                      -8.2312252
                   3.641                       -8.068275
                   3.644                      -7.9150316
                   3.647                      -7.7715023
                    3.65                      -7.6376513
                   3.653                      -7.5133996
                   3.656                      -7.3986253
                   3.659                      -7.2931646
                   3.662                      -7.1968144
                   3.665                      -7.1093347
                   3.668                      -7.0304519
                   3.671                      -6.9598631
                   3.674                      -6.8972395
                   3.677                      -6.8422314
                    3.68                      -6.7944725
                   3.683                       -6.753584
                   3.686                      -6.7191791
                   3.689                      -6.6908669
                   3.692                      -6.6682564
                   3.695                      -6.6509593
                   3.698                      -6.6385935
                   3.701                      -6.6307853
                   3.704                      -6.6271718
                   3.707                      -6.6274026
                    3.71                      -6.6311411
                   3.713                      -6.6380657
                   3.716                      -6.6478704
                   3.719                      -6.6602654
                   3.722                       -6.674977
                   3.725                      -6.6917479
                   3.728                       -6.710337
                   3.731                      -6.7305188
                   3.734                      -6.7520834
                   3.737                      -6.7748352
                    3.74                      -6.7985933
                   3.743                      -6.8231899
                   3.746                      -6.8484702
                   3.749                      -6.8742914
                   3.752                      -6.9005222
                   3.755                      -6.9270418
                   3.758                      -6.9537394
                   3.761                      -6.9805137
                   3.764                      -7.0072718
                   3.767                      -7.0339288
                    3.77                      -7.0604074
                   3.773                      -7.0866368
                   3.776                      -7.1125528
                   3.779                      -7.1380968
                   3.782                      -7.1632156
                   3.785                      -7.1878608
                   3.788                      -7.2119883
                   3.791                      -7.2355583
                   3.794                      -7.2585346
                   3.797                      -7.2808842
                     3.8                      -7.3025772
                   3.803                      -7.3235867
                   3.806                      -7.3438878
                   3.809                      -7.3634583
                   3.812                      -7.3822776
                   3.815                      -7.4003272
                   3.818                        -7.41759
                   3.821                      -7.4340503
                   3.824                      -7.4496938
                   3.827                      -7.4645072
                    3.83                       -7.478478
                   3.833                      -7.4915948
                   3.836                      -7.5038465
                   3.839                       -7.515223
                   3.842                      -7.5257144
                   3.845                      -7.5353112
                   3.848                      -7.5440043
                   3.851                      -7.5517846
                   3.854                      -7.5586434
                   3.857                      -7.5645717
                    3.86                       -7.569561
                   3.863                      -7.5736021
                   3.866                      -7.5766863
                   3.869                      -7.5788043
                   3.872                      -7.5799468
                   3.875                      -7.5801043
                   3.878                      -7.5792669
                   3.881                      -7.5774245
                   3.884                      -7.5745668
                   3.887                      -7.5706831
                    3.89                      -7.5657624
                   3.893                      -7.5597936
                   3.896                      -7.5527652
                   3.899                      -7.5446658
                   3.902                      -7.5354836
                   3.905                       -7.525207
                   3.908                      -7.5138245
                   3.911                       -7.501325
                   3.914                      -7.4876978
                   3.917                       -7.472933
                    3.92                      -7.4570216
                   3.923                      -7.4399563
                   3.926                      -7.4217316
                   3.929                      -7.4023444
                   3.932                      -7.3817948
                   3.935                       -7.360087
                   3.938                      -7.3372301
                   3.941                      -7.3132395
                   3.944                      -7.2881383
                   3.947                      -7.2619594
                    3.95                      -7.2347473
                   3.953                      -7.2065613
                   3.956                      -7.1774784
                   3.959                      -7.1475978
                   3.962                      -7.1170452
                   3.965                      -7.0859796
                   3.968                      -7.0546001
                   3.971                      -7.0231549
                   3.974                      -6.9919527
                   3.977                      -6.9613755
                    3.98                      -6.9318954
                   3.983                      -6.9040941
                   3.986                      -6.8786869
                   3.989                      -6.8565519
                   3.992                      -6.8387643
                   3.995                      -6.8266376
                   3.998                      -6.8217723
                   4.001                      -6.8261113
                   4.004                      -6.8420028
                   4.007                      -6.8722698
                    4.01                      -6.9202817
                   4.013                      -6.9900255
                   4.016                      -7.0861675
                   4.019                      -7.2140954
                   4.022                      -7.3799294
                   4.025                      -7.5904864
                   4.028                      -7.8531886
                   4.031                      -8.1759116
                   4.034                      -8.5667855
                   4.037                      -9.0339818
                    4.04                      -9.5855416
                   4.043                      -10.229324
                   4.046                       -10.97316
                   4.049                      -11.825308
                   4.052                      -12.795302
                   4.055                      -13.895309
                   4.058                      -15.142218
                   4.061                      -16.560877
                   4.064                      -18.189401
                   4.067                       -20.08852
                    4.07                      -22.359371
                   4.073                      -25.178856
                   4.076                      -28.855869
                   4.079                      -33.576346
                   4.082                        -35.3625
                   4.085                      -31.434957
                   4.088                      -27.953147
                   4.091                        -25.4673
                   4.094                      -23.618274
                   4.097                      -22.179566
                     4.1                      -21.021108
                   4.103                      -20.064016
                   4.106                      -19.257491
                   4.109                      -18.567119
                   4.112                      -17.968604
                   4.115                      -17.444209
                   4.118                      -16.980625
                   4.121                      -16.567631
                   4.124                      -16.197229
                   4.127                      -15.863051
                    4.13                       -15.55996
                   4.133                      -15.283756
                   4.136                      -15.030971
                   4.139                       -14.79871
                   4.142                       -14.58454
                   4.145                      -14.386397
                   4.148                       -14.20252
                   4.151                      -14.031394
                   4.154                      -13.871712
                   4.157                      -13.722337
                    4.16                      -13.582277
                   4.163                      -13.450663
                   4.166                      -13.326728
                   4.169                      -13.209794
                   4.172                      -13.099261
                   4.175                      -12.994593
                   4.178                      -12.895313
                   4.181                       -12.80099
                   4.184                      -12.711241
                   4.187                      -12.625718
                    4.19                      -12.544108
                   4.193                      -12.466127
                   4.196                      -12.391517
                   4.199                      -12.320044
                   4.202                      -12.251494
                   4.205                      -12.185671
                   4.208                      -12.122397
                   4.211                      -12.061508
                   4.214                      -12.002854
                   4.217                      -11.946295
                    4.22                      -11.891705
                   4.223                      -11.838964
                   4.226                      -11.787966
                   4.229                      -11.738607
                   4.232                      -11.690795
                   4.235                      -11.644444
                   4.238                      -11.599471
                   4.241                      -11.555803
                   4.244                      -11.513368
                   4.247                      -11.472102
                    4.25                      -11.431943
                   4.253                      -11.392835
                   4.256                      -11.354724
                   4.259                      -11.317559
                   4.262                      -11.281294
                   4.265                      -11.245885
                   4.268                      -11.211289
                   4.271                      -11.177468
                   4.274                      -11.144385
                   4.277                      -11.112005
                    4.28                      -11.080296
                   4.283                      -11.049226
                   4.286                      -11.018767
                   4.289                       -10.98889
                   4.292                      -10.959569
                   4.295                      -10.930779
                   4.298                      -10.902498
                   4.301                      -10.874702
                   4.304                      -10.847369
                   4.307                      -10.820481
                    4.31                      -10.794017
                   4.313                       -10.76796
                   4.316                      -10.742291
                   4.319                      -10.716994
                   4.322                      -10.692054
                   4.325                      -10.667454
                   4.328                      -10.643181
                   4.331                       -10.61922
                   4.334                      -10.595558
                   4.337                      -10.572183
                    4.34                      -10.549082
                   4.343                      -10.526243
                   4.346                      -10.503655
                   4.349                      -10.481308
                   4.352                       -10.45919
                   4.355                      -10.437293
                   4.358                      -10.415605
                   4.361                      -10.394119
                   4.364                      -10.372824
                   4.367                      -10.351713
                    4.37                      -10.330776
                   4.373                      -10.310007
                   4.376                      -10.289397
                   4.379                      -10.268938
                   4.382                      -10.248624
                   4.385                      -10.228447
                   4.388                      -10.208401
                   4.391                      -10.188479
                   4.394                      -10.168675
                   4.397                      -10.148982
                     4.4                      -10.129394
                   4.403                      -10.109907
                   4.406                      -10.090513
                   4.409                      -10.071208
                   4.412                      -10.051986
                   4.415                      -10.032843
                   4.418                      -10.013773
                   4.421                      -9.9947719
                   4.424                      -9.9758344
                   4.427                      -9.9569565
                    4.43                      -9.9381337
                   4.433                      -9.9193619
                   4.436                      -9.9006371
                   4.439                      -9.8819553
                   4.442                       -9.863313
                   4.445                      -9.8447066
                   4.448                      -9.8261327
                   4.451                       -9.807588
                   4.454                      -9.7890695
                   4.457                      -9.7705744
                    4.46                      -9.7520999
                   4.463                      -9.7336435
                   4.466                       -9.715203
                   4.469                      -9.6967762
                   4.472                      -9.6783612
                   4.475                      -9.6599563
                   4.478                      -9.6415603
                   4.481                      -9.6231718
                   4.484                      -9.6047901
                   4.487                      -9.5864144
                    4.49                      -9.5680446
                   4.493                      -9.5496806
                   4.496                       -9.531323
                   4.499                      -9.5129723
                   4.502                      -9.4946299
                   4.505                      -9.4762974
                   4.508                      -9.4579768
                   4.511                      -9.4396707
                   4.514                      -9.4213824
                   4.517                      -9.4031156
                    4.52                      -9.3848746
                   4.523                      -9.3666645
                   4.526                      -9.3484912
                   4.529                      -9.3303612
                   4.532                      -9.3122821
                   4.535                      -9.2942623
                   4.538                      -9.2763112
                   4.541                      -9.2584394
                   4.544                      -9.2406587
                   4.547                      -9.2229821
                    4.55                      -9.2054239
                   4.553                      -9.1880003
                   4.556                      -9.1707288
                   4.559                      -9.1536287
                   4.562                      -9.1367214
                   4.565                      -9.1200303
                   4.568                      -9.1035809
                   4.571                      -9.0874016
                   4.574                      -9.0715229
                   4.577                      -9.0559786
                    4.58                      -9.0408053
                   4.583                      -9.0260433
                   4.586                      -9.0117362
                   4.589                      -8.9979318
                   4.592                      -8.9846821
                   4.595                      -8.9720435
                   4.598                      -8.9600778
                   4.601                      -8.9488518
                   4.604                      -8.9384382
                   4.607                      -8.9289161
                    4.61                      -8.9203712
                   4.613                      -8.9128964
                   4.616                      -8.9065924
                   4.619                      -8.9015684
                   4.622                      -8.8979425
                   4.625                      -8.8958421
                   4.628                      -8.8954053
                   4.631                      -8.8967806
                   4.634                      -8.9001285
                   4.637                      -8.9056216
                    4.64                      -8.9134454
                   4.643                      -8.9237993
                   4.646                      -8.9368969
                   4.649                       -8.952967
                   4.652                      -8.9722539
                   4.655                      -8.9950183
                   4.658                      -9.0215376
                   4.661                      -9.0521063
                   4.664                      -9.0870361
                   4.667                      -9.1266565
                    4.67                      -9.1713143
                   4.673                      -9.2213737
                   4.676                      -9.2772155
                   4.679                      -9.3392369
                   4.682                      -9.4078498
                   4.685                      -9.4834802
                   4.688                      -9.5665665
                   4.691                      -9.6575574
                   4.694                      -9.7569099
                   4.697                      -9.8650871
                     4.7                       -9.982555
                   4.703                      -10.109781
                   4.706                      -10.247228
                   4.709                      -10.395355
                   4.712                      -10.554612
                   4.715                      -10.725439
                   4.718                      -10.908259
                   4.721                      -11.103481
                   4.724                      -11.311497
                   4.727                      -11.532678
                    4.73                      -11.767378
                   4.733                      -12.015931
                   4.736                      -12.278655
                   4.739                      -12.555852
                   4.742                      -12.847814
                   4.745                      -13.154824
                   4.748                      -13.477165
                   4.751                      -13.815126
                   4.754                      -14.169007
                   4.757                      -14.539129
                    4.76                      -14.925847
                   4.763                      -15.329556
                   4.766                      -15.750706
                   4.769                      -16.189815
                   4.772                      -16.647486
                   4.775                       -17.12442
                   4.778                      -17.621442
                   4.781                      -18.139519
                   4.784                      -18.679789
                   4.787                      -19.243592
                    4.79                      -19.832507
                   4.793                      -20.448398
                   4.796                      -21.093473
                   4.799                      -21.770346
                   4.802                      -22.482131
                   4.805                      -23.232545
                   4.808                      -24.026044
                   4.811                      -24.867998
                   4.814                      -25.764898
                   4.817                      -26.724616
                    4.82                      -27.756695
                   4.823                      -28.872612
                   4.826                      -30.085851
                   4.829                      -31.411275
                   4.832                      -32.862401
                   4.835                      -34.442846
                   4.838                      -36.122403
                   4.841                      -37.779505
                   4.844                      -39.110706
                   4.847                      -39.665602
                    4.85                      -39.256227
                   4.853                      -38.208073
                   4.856                      -36.952415
                   4.859                      -35.729055
                   4.862                      -34.623233
                   4.865                      -33.651431
                   4.868                      -32.806378
                   4.871                      -32.074707
                   4.874                      -31.443108
                   4.877                      -30.900205
                    4.88                      -30.436953
                   4.883                      -30.046571
                   4.886                       -29.72439
                   4.889                      -29.467749
                   4.892                       -29.27601
                   4.895                      -29.150729
                   4.898                      -29.096058
                   4.901                      -29.119457
                   4.904                      -29.232938
                   4.907                      -29.455171
                    4.91                      -29.815142
                   4.913                      -30.358688
                   4.916                      -31.160473
                   4.919                      -32.345045
                   4.922                      -34.107042
                   4.925                      -36.503505
                   4.928                      -37.225683
                   4.931                       -32.75524
                   4.934                      -27.359449
                   4.937                      -22.654177
                    4.94                      -18.784462
                   4.943                      -16.229098
                   4.946                      -15.344384
                   4.949                      -15.585162
                   4.952                      -16.212933
                   4.955                      -16.876916
                   4.958                      -17.476148
                   4.961                      -17.997046
                   4.964                       -18.44972
                   4.967                      -18.848396
                    4.97                      -19.206122
                   4.973                      -19.533737
                   4.976                      -19.840019
                   4.979                      -20.132101
                   4.982                      -20.415869
                   4.985                      -20.696302
                   4.988                      -20.977738
                   4.991                      -21.264087
                   4.994                      -21.559006
                   4.997                      -21.866043
                       5                      -22.188771

