        Frequency / GHz                SZmin(2),Zmax(1) (31)/arg,degrees
----------------------------------------------------------------------
                       2                       56.353474
                   2.003                       56.159348
                   2.006                       55.965149
                   2.009                       55.770874
                   2.012                       55.576523
                   2.015                       55.382094
                   2.018                       55.187587
                   2.021                       54.992999
                   2.024                       54.798329
                   2.027                       54.603576
                    2.03                       54.408738
                   2.033                       54.213813
                   2.036                       54.018801
                   2.039                       53.823698
                   2.042                       53.628504
                   2.045                       53.433216
                   2.048                       53.237832
                   2.051                       53.042351
                   2.054                        52.84677
                   2.057                       52.651087
                    2.06                       52.455301
                   2.063                       52.259408
                   2.066                       52.063406
                   2.069                       51.867293
                   2.072                       51.671067
                   2.075                       51.474724
                   2.078                       51.278262
                   2.081                       51.081679
                   2.084                       50.884971
                   2.087                       50.688136
                    2.09                        50.49117
                   2.093                       50.294071
                   2.096                       50.096835
                   2.099                       49.899459
                   2.102                       49.701939
                   2.105                       49.504273
                   2.108                       49.306456
                   2.111                       49.108485
                   2.114                       48.910356
                   2.117                       48.712065
                    2.12                       48.513609
                   2.123                       48.314982
                   2.126                       48.116182
                   2.129                       47.917203
                   2.132                       47.718041
                   2.135                       47.518692
                   2.138                       47.319151
                   2.141                       47.119413
                   2.144                       46.919473
                   2.147                       46.719326
                    2.15                       46.518968
                   2.153                       46.318392
                   2.156                       46.117594
                   2.159                       45.916567
                   2.162                       45.715306
                   2.165                       45.513806
                   2.168                        45.31206
                   2.171                       45.110062
                   2.174                       44.907805
                   2.177                       44.705285
                    2.18                       44.502492
                   2.183                       44.299422
                   2.186                       44.096067
                   2.189                        43.89242
                   2.192                       43.688474
                   2.195                       43.484221
                   2.198                       43.279654
                   2.201                       43.074764
                   2.204                       42.869545
                   2.207                       42.663987
                    2.21                       42.458083
                   2.213                       42.251824
                   2.216                       42.045202
                   2.219                       41.838206
                   2.222                       41.630829
                   2.225                        41.42306
                   2.228                       41.214891
                   2.231                       41.006311
                   2.234                       40.797311
                   2.237                        40.58788
                    2.24                       40.378007
                   2.243                       40.167683
                   2.246                       39.956896
                   2.249                       39.745634
                   2.252                       39.533888
                   2.255                       39.321644
                   2.258                        39.10889
                   2.261                       38.895616
                   2.264                       38.681807
                   2.267                       38.467452
                    2.27                       38.252536
                   2.273                       38.037048
                   2.276                       37.820973
                   2.279                       37.604296
                   2.282                       37.387005
                   2.285                       37.169084
                   2.288                       36.950518
                   2.291                       36.731292
                   2.294                       36.511391
                   2.297                       36.290798
                     2.3                       36.069497
                   2.303                       35.847472
                   2.306                       35.624705
                   2.309                       35.401178
                   2.312                       35.176875
                   2.315                       34.951777
                   2.318                       34.725865
                   2.321                        34.49912
                   2.324                       34.271522
                   2.327                       34.043052
                    2.33                       33.813689
                   2.333                       33.583413
                   2.336                       33.352201
                   2.339                       33.120033
                   2.342                       32.886886
                   2.345                       32.652736
                   2.348                       32.417562
                   2.351                       32.181337
                   2.354                        31.94404
                   2.357                       31.705643
                    2.36                       31.466122
                   2.363                       31.225451
                   2.366                       30.983602
                   2.369                       30.740548
                   2.372                       30.496261
                   2.375                       30.250713
                   2.378                       30.003873
                   2.381                       29.755712
                   2.384                       29.506199
                   2.387                       29.255302
                    2.39                       29.002989
                   2.393                       28.749226
                   2.396                       28.493981
                   2.399                       28.237217
                   2.402                       27.978899
                   2.405                       27.718991
                   2.408                       27.457455
                   2.411                       27.194253
                   2.414                       26.929345
                   2.417                       26.662691
                    2.42                        26.39425
                   2.423                       26.123979
                   2.426                       25.851835
                   2.429                       25.577773
                   2.432                       25.301748
                   2.435                       25.023712
                   2.438                       24.743616
                   2.441                       24.461413
                   2.444                       24.177049
                   2.447                       23.890475
                    2.45                       23.601635
                   2.453                       23.310476
                   2.456                       23.016939
                   2.459                       22.720968
                   2.462                       22.422502
                   2.465                       22.121481
                   2.468                        21.81784
                   2.471                       21.511516
                   2.474                       21.202442
                   2.477                       20.890548
                    2.48                       20.575765
                   2.483                       20.258019
                   2.486                       19.937237
                   2.489                       19.613341
                   2.492                       19.286251
                   2.495                       18.955888
                   2.498                       18.622165
                   2.501                       18.284998
                   2.504                       17.944297
                   2.507                        17.59997
                    2.51                       17.251923
                   2.513                       16.900057
                   2.516                       16.544273
                   2.519                       16.184467
                   2.522                       15.820531
                   2.525                       15.452355
                   2.528                       15.079826
                   2.531                       14.702826
                   2.534                       14.321234
                   2.537                       13.934923
                    2.54                       13.543766
                   2.543                       13.147628
                   2.546                       12.746371
                   2.549                       12.339853
                   2.552                       11.927927
                   2.555                       11.510439
                   2.558                       11.087233
                   2.561                       10.658147
                   2.564                        10.22301
                   2.567                       9.7816507
                    2.57                       9.3338876
                   2.573                       8.8795351
                   2.576                       8.4184003
                   2.579                       7.9502841
                   2.582                       7.4749803
                   2.585                       6.9922754
                   2.588                       6.5019486
                   2.591                       6.0037713
                   2.594                       5.4975071
                   2.597                        4.982911
                     2.6                       4.4597297
                   2.603                        3.927701
                   2.606                       3.3865533
                   2.609                       2.8360058
                   2.612                       2.2757678
                   2.615                       1.7055386
                   2.618                       1.1250071
                   2.621                       0.5338514
                   2.624                     -0.06826115
                   2.627                     -0.68167458
                    2.63                      -1.3067444
                   2.633                      -1.9438379
                   2.636                      -2.5933345
                   2.639                      -3.2556255
                   2.642                      -3.9311149
                   2.645                      -4.6202191
                   2.648                      -5.3233672
                   2.651                      -6.0410008
                   2.654                      -6.7735744
                   2.657                      -7.5215549
                    2.66                      -8.2854216
                   2.663                      -9.0656659
                   2.666                      -9.8627909
                   2.669                      -10.677311
                   2.672                      -11.509752
                   2.675                      -12.360647
                   2.678                      -13.230541
                   2.681                      -14.119985
                   2.684                      -15.029537
                   2.687                      -15.959758
                    2.69                      -16.911213
                   2.693                      -17.884467
                   2.696                      -18.880085
                   2.699                      -19.898622
                   2.702                      -20.940631
                   2.705                      -22.006649
                   2.708                      -23.097197
                   2.711                      -24.212779
                   2.714                      -25.353869
                   2.717                      -26.520913
                    2.72                       -27.71432
                   2.723                      -28.934455
                   2.726                      -30.181634
                   2.729                      -31.456114
                   2.732                      -32.758088
                   2.735                      -34.087679
                   2.738                      -35.444924
                   2.741                      -36.829776
                   2.744                      -38.242089
                   2.747                      -39.681611
                    2.75                      -41.147978
                   2.753                      -42.640706
                   2.756                      -44.159185
                   2.759                      -45.702672
                   2.762                      -47.270289
                   2.765                      -48.861018
                   2.768                        -50.4737
                   2.771                      -52.107038
                   2.774                      -53.759594
                   2.777                      -55.429801
                    2.78                       -57.11596
                   2.783                      -58.816259
                   2.786                      -60.528777
                   2.789                      -62.251499
                   2.792                      -63.982332
                   2.795                      -65.719119
                   2.798                       -67.45966
                   2.801                      -69.201727
                   2.804                      -70.943088
                   2.807                      -72.681521
                    2.81                      -74.414837
                   2.813                      -76.140897
                   2.816                      -77.857629
                   2.819                      -79.563047
                   2.822                      -81.255259
                   2.825                      -82.932488
                   2.828                      -84.593075
                   2.831                      -86.235489
                   2.834                      -87.858335
                   2.837                      -89.460358
                    2.84                      -91.040441
                   2.843                      -92.597609
                   2.846                      -94.131023
                   2.849                      -95.639983
                   2.852                      -97.123916
                   2.855                      -98.582375
                   2.858                      -100.01503
                   2.861                      -101.42166
                   2.864                      -102.80215
                   2.867                      -104.15648
                    2.87                      -105.48471
                   2.873                      -106.78699
                   2.876                      -108.06352
                   2.879                      -109.31459
                   2.882                      -110.54052
                   2.885                      -111.74169
                   2.888                      -112.91852
                   2.891                      -114.07146
                   2.894                        -115.201
                   2.897                      -116.30765
                     2.9                      -117.39192
                   2.903                      -118.45436
                   2.906                      -119.49553
                   2.909                      -120.51597
                   2.912                      -121.51626
                   2.915                      -122.49695
                   2.918                      -123.45861
                   2.921                       -124.4018
                   2.924                      -125.32706
                   2.927                      -126.23496
                    2.93                      -127.12602
                   2.933                      -128.00078
                   2.936                      -128.85976
                   2.939                      -129.70346
                   2.942                      -130.53239
                   2.945                      -131.34702
                   2.948                      -132.14784
                   2.951                      -132.93531
                   2.954                      -133.70987
                   2.957                      -134.47195
                    2.96                      -135.22199
                   2.963                      -135.96039
                   2.966                      -136.68756
                   2.969                      -137.40386
                   2.972                      -138.10969
                   2.975                       -138.8054
                   2.978                      -139.49135
                   2.981                      -140.16786
                   2.984                      -140.83527
                   2.987                       -141.4939
                    2.99                      -142.14404
                   2.993                        -142.786
                   2.996                      -143.42007
                   2.999                      -144.04651
                   3.002                       -144.6656
                   3.005                      -145.27758
                   3.008                      -145.88273
                   3.011                      -146.48126
                   3.014                      -147.07342
                   3.017                      -147.65942
                    3.02                      -148.23949
                   3.023                      -148.81384
                   3.026                      -149.38267
                   3.029                      -149.94617
                   3.032                      -150.50453
                   3.035                      -151.05794
                   3.038                      -151.60657
                   3.041                       -152.1506
                   3.044                      -152.69019
                   3.047                      -153.22549
                    3.05                      -153.75667
                   3.053                      -154.28388
                   3.056                      -154.80725
                   3.059                      -155.32693
                   3.062                      -155.84306
                   3.065                      -156.35576
                   3.068                      -156.86517
                   3.071                      -157.37141
                   3.074                       -157.8746
                   3.077                      -158.37485
                    3.08                      -158.87228
                   3.083                      -159.36699
                   3.086                       -159.8591
                   3.089                       -160.3487
                   3.092                       -160.8359
                   3.095                      -161.32079
                   3.098                      -161.80347
                   3.101                      -162.28403
                   3.104                      -162.76255
                   3.107                      -163.23913
                    3.11                      -163.71385
                   3.113                      -164.18679
                   3.116                      -164.65803
                   3.119                      -165.12765
                   3.122                      -165.59572
                   3.125                      -166.06232
                   3.128                      -166.52752
                   3.131                      -166.99139
                   3.134                        -167.454
                   3.137                      -167.91542
                    3.14                      -168.37571
                   3.143                      -168.83493
                   3.146                      -169.29315
                   3.149                      -169.75043
                   3.152                      -170.20683
                   3.155                       -170.6624
                   3.158                      -171.11721
                   3.161                       -171.5713
                   3.164                      -172.02474
                   3.167                      -172.47758
                    3.17                      -172.92987
                   3.173                      -173.38166
                   3.176                      -173.83301
                   3.179                      -174.28396
                   3.182                      -174.73456
                   3.185                      -175.18486
                   3.188                      -175.63491
                   3.191                      -176.08475
                   3.194                      -176.53443
                   3.197                        -176.984
                     3.2                       -177.4335
                   3.203                      -177.88298
                   3.206                      -178.33247
                   3.209                      -178.78202
                   3.212                      -179.23168
                   3.215                      -179.68148
                   3.218                       179.86853
                   3.221                       179.41831
                   3.224                       178.96783
                   3.227                       178.51703
                    3.23                       178.06588
                   3.233                       177.61435
                   3.236                       177.16239
                   3.239                       176.70996
                   3.242                       176.25702
                   3.245                       175.80354
                   3.248                       175.34947
                   3.251                       174.89478
                   3.254                       174.43943
                   3.257                       173.98338
                    3.26                        173.5266
                   3.263                       173.06903
                   3.266                       172.61066
                   3.269                       172.15143
                   3.272                       171.69131
                   3.275                       171.23026
                   3.278                       170.76825
                   3.281                       170.30523
                   3.284                       169.84117
                   3.287                       169.37602
                    3.29                       168.90975
                   3.293                       168.44233
                   3.296                        167.9737
                   3.299                       167.50383
                   3.302                       167.03269
                   3.305                       166.56022
                   3.308                        166.0864
                   3.311                       165.61117
                   3.314                        165.1345
                   3.317                       164.65635
                    3.32                       164.17667
                   3.323                       163.69542
                   3.326                       163.21256
                   3.329                       162.72804
                   3.332                       162.24182
                   3.335                       161.75386
                   3.338                        161.2641
                   3.341                       160.77251
                   3.344                       160.27903
                   3.347                       159.78362
                    3.35                       159.28623
                   3.353                       158.78681
                   3.356                        158.2853
                   3.359                       157.78166
                   3.362                       157.27584
                   3.365                       156.76778
                   3.368                       156.25743
                   3.371                       155.74473
                   3.374                       155.22962
                   3.377                       154.71205
                    3.38                       154.19196
                   3.383                       153.66929
                   3.386                       153.14397
                   3.389                       152.61594
                   3.392                       152.08514
                   3.395                        151.5515
                   3.398                       151.01496
                   3.401                       150.47543
                   3.404                       149.93286
                   3.407                       149.38716
                    3.41                       148.83827
                   3.413                        148.2861
                   3.416                       147.73058
                   3.419                       147.17162
                   3.422                       146.60913
                   3.425                       146.04304
                   3.428                       145.47326
                   3.431                       144.89968
                   3.434                       144.32222
                   3.437                       143.74078
                    3.44                       143.15525
                   3.443                       142.56555
                   3.446                       141.97155
                   3.449                       141.37314
                   3.452                       140.77022
                   3.455                       140.16267
                   3.458                       139.55036
                   3.461                       138.93317
                   3.464                       138.31098
                   3.467                       137.68363
                    3.47                         137.051
                   3.473                       136.41295
                   3.476                       135.76931
                   3.479                       135.11995
                   3.482                        134.4647
                   3.485                       133.80339
                   3.488                       133.13585
                   3.491                        132.4619
                   3.494                       131.78137
                   3.497                       131.09405
                     3.5                       130.39975
                   3.503                       129.69827
                   3.506                       128.98938
                   3.509                       128.27286
                   3.512                       127.54848
                   3.515                       126.81601
                   3.518                       126.07519
                   3.521                       125.32575
                   3.524                       124.56743
                   3.527                       123.79995
                    3.53                       123.02301
                   3.533                        122.2363
                   3.536                       121.43951
                   3.539                       120.63229
                   3.542                       119.81432
                   3.545                       118.98522
                   3.548                       118.14462
                   3.551                       117.29213
                   3.554                       116.42733
                   3.557                       115.54981
                    3.56                       114.65912
                   3.563                       113.75479
                   3.566                       112.83634
                   3.569                       111.90326
                   3.572                       110.95505
                   3.575                       109.99113
                   3.578                       109.01095
                   3.581                       108.01392
                   3.584                        106.9994
                   3.587                       105.96677
                    3.59                       104.91535
                   3.593                       103.84444
                   3.596                       102.75332
                   3.599                       101.64124
                   3.602                       100.50742
                   3.605                       99.351048
                   3.608                       98.171298
                   3.611                       96.967301
                   3.614                       95.738169
                   3.617                       94.482983
                    3.62                       93.200803
                   3.623                       91.890664
                   3.626                       90.551577
                   3.629                       89.182539
                   3.632                        87.78253
                   3.635                       86.350519
                   3.638                       84.885471
                   3.641                        83.38635
                   3.644                       81.852129
                   3.647                       80.281795
                    3.65                       78.674364
                   3.653                       77.028887
                   3.656                       75.344463
                   3.659                       73.620256
                   3.662                       71.855505
                   3.665                       70.049547
                   3.668                       68.201831
                   3.671                       66.311938
                   3.674                       64.379602
                   3.677                        62.40473
                    3.68                       60.387424
                   3.683                       58.328005
                   3.686                       56.227027
                   3.689                       54.085303
                   3.692                       51.903914
                   3.695                       49.684232
                   3.698                       47.427919
                   3.701                       45.136941
                   3.704                       42.813562
                   3.707                       40.460339
                    3.71                       38.080106
                   3.713                       35.675958
                   3.716                       33.251219
                   3.719                        30.80941
                   3.722                       28.354211
                   3.725                       25.889411
                   3.728                       23.418867
                   3.731                       20.946447
                   3.734                       18.475983
                   3.737                        16.01122
                    3.74                       13.555767
                   3.743                       11.113054
                   3.746                       8.6862973
                   3.749                         6.27846
                   3.752                       3.8922319
                   3.755                       1.5300084
                   3.758                     -0.80612143
                   3.761                      -3.1143802
                   3.764                      -5.3933021
                   3.767                      -7.6417266
                    3.77                      -9.8587886
                   3.773                      -12.043904
                   3.776                      -14.196753
                   3.779                      -16.317261
                   3.782                       -18.40558
                   3.785                      -20.462064
                   3.788                      -22.487253
                   3.791                       -24.48185
                   3.794                        -26.4467
                   3.797                      -28.382775
                     3.8                      -30.291157
                   3.803                      -32.173017
                   3.806                      -34.029607
                   3.809                      -35.862245
                   3.812                      -37.672303
                   3.815                      -39.461197
                   3.818                       -41.23038
                   3.821                      -42.981334
                   3.824                      -44.715565
                   3.827                      -46.434596
                    3.83                      -48.139964
                   3.833                      -49.833218
                   3.836                      -51.515913
                   3.839                      -53.189614
                   3.842                      -54.855886
                   3.845                      -56.516304
                   3.848                      -58.172442
                   3.851                      -59.825881
                   3.854                      -61.478205
                   3.857                      -63.130999
                    3.86                      -64.785858
                   3.863                      -66.444378
                   3.866                      -68.108161
                   3.869                      -69.778816
                   3.872                      -71.457958
                   3.875                      -73.147208
                   3.878                      -74.848193
                   3.881                      -76.562547
                   3.884                      -78.291907
                   3.887                      -80.037917
                    3.89                      -81.802221
                   3.893                      -83.586464
                   3.896                      -85.392286
                   3.899                      -87.221322
                   3.902                      -89.075193
                   3.905                      -90.955502
                   3.908                      -92.863827
                   3.911                      -94.801709
                   3.914                      -96.770648
                   3.917                      -98.772082
                    3.92                      -100.80738
                   3.923                      -102.87783
                   3.926                       -104.9846
                   3.929                      -107.12876
                   3.932                       -109.3112
                   3.935                      -111.53267
                   3.938                       -113.7937
                   3.941                      -116.09462
                   3.944                       -118.4355
                   3.947                      -120.81614
                    3.95                      -123.23602
                   3.953                      -125.69433
                   3.956                      -128.18987
                   3.959                      -130.72109
                   3.962                      -133.28607
                   3.965                       -135.8825
                   3.968                      -138.50766
                   3.971                       -141.1585
                   3.974                      -143.83159
                   3.977                      -146.52316
                    3.98                      -149.22918
                   3.983                      -151.94537
                   3.986                      -154.66725
                   3.989                      -157.39023
                   3.992                      -160.10966
                   3.995                      -162.82089
                   3.998                      -165.51934
                   4.001                      -168.20059
                   4.004                       -170.8604
                   4.007                      -173.49477
                    4.01                      -176.10002
                   4.013                      -178.67279
                   4.016                       178.78994
                   4.019                        176.2908
                   4.022                       173.83205
                   4.025                       171.41556
                   4.028                       169.04285
                   4.031                       166.71507
                   4.034                       164.43306
                   4.037                       162.19733
                    4.04                       160.00811
                   4.043                       157.86538
                   4.046                        155.7689
                   4.049                       153.71821
                   4.052                       151.71271
                   4.055                       149.75162
                   4.058                       147.83407
                   4.061                       145.95906
                   4.064                       144.12554
                   4.067                       142.33238
                    4.07                       140.57842
                   4.073                       138.86245
                   4.076                       137.18325
                   4.079                       135.53961
                   4.082                       133.93031
                   4.085                       132.35411
                   4.088                       130.80984
                   4.091                        129.2963
                   4.094                       127.81234
                   4.097                       126.35685
                     4.1                       124.92872
                   4.103                       123.52688
                   4.106                       122.15032
                   4.109                       120.79803
                   4.112                       119.46905
                   4.115                       118.16245
                   4.118                       116.87735
                   4.121                       115.61289
                   4.124                       114.36824
                   4.127                        113.1426
                    4.13                       111.93523
                   4.133                        110.7454
                   4.136                        109.5724
                   4.139                       108.41557
                   4.142                       107.27426
                   4.145                       106.14787
                   4.148                       105.03581
                   4.151                       103.93751
                   4.154                       102.85244
                   4.157                       101.78008
                    4.16                       100.71994
                   4.163                        99.67154
                   4.166                       98.634435
                   4.169                        97.60819
                   4.172                       96.592388
                   4.175                       95.586633
                   4.178                       94.590543
                   4.181                       93.603752
                   4.184                       92.625911
                   4.187                       91.656683
                    4.19                       90.695746
                   4.193                       89.742791
                   4.196                       88.797521
                   4.199                       87.859651
                   4.202                       86.928908
                   4.205                       86.005028
                   4.208                       85.087758
                   4.211                       84.176857
                   4.214                       83.272089
                   4.217                        82.37323
                    4.22                       81.480065
                   4.223                       80.592383
                   4.226                       79.709985
                   4.229                       78.832677
                   4.232                       77.960273
                   4.235                       77.092592
                   4.238                       76.229462
                   4.241                       75.370714
                   4.244                       74.516188
                   4.247                       73.665726
                    4.25                       72.819178
                   4.253                       71.976397
                   4.256                       71.137242
                   4.259                       70.301577
                   4.262                       69.469269
                   4.265                        68.64019
                   4.268                       67.814214
                   4.271                       66.991223
                   4.274                       66.171098
                   4.277                       65.353725
                    4.28                       64.538995
                   4.283                         63.7268
                   4.286                       62.917036
                   4.289                         62.1096
                   4.292                       61.304395
                   4.295                       60.501323
                   4.298                       59.700291
                   4.301                       58.901208
                   4.304                       58.103983
                   4.307                       57.308529
                    4.31                       56.514761
                   4.313                       55.722595
                   4.316                       54.931949
                   4.319                       54.142744
                   4.322                       53.354901
                   4.325                       52.568343
                   4.328                       51.782993
                   4.331                       50.998778
                   4.334                       50.215625
                   4.337                       49.433461
                    4.34                       48.652217
                   4.343                       47.871821
                   4.346                       47.092205
                   4.349                       46.313301
                   4.352                       45.535041
                   4.355                        44.75736
                   4.358                        43.98019
                   4.361                       43.203467
                   4.364                       42.427125
                   4.367                       41.651101
                    4.37                        40.87533
                   4.373                       40.099748
                   4.376                       39.324292
                   4.379                       38.548899
                   4.382                       37.773505
                   4.385                       36.998047
                   4.388                       36.222462
                   4.391                       35.446686
                   4.394                       34.670657
                   4.397                        33.89431
                     4.4                       33.117582
                   4.403                       32.340408
                   4.406                       31.562724
                   4.409                       30.784464
                   4.412                       30.005563
                   4.415                       29.225954
                   4.418                       28.445571
                   4.421                       27.664345
                   4.424                       26.882207
                   4.427                       26.099088
                    4.43                       25.314917
                   4.433                       24.529623
                   4.436                       23.743132
                   4.439                        22.95537
                   4.442                       22.166261
                   4.445                       21.375729
                   4.448                       20.583694
                   4.451                       19.790077
                   4.454                       18.994794
                   4.457                       18.197762
                    4.46                       17.398894
                   4.463                       16.598103
                   4.466                       15.795298
                   4.469                       14.990386
                   4.472                       14.183272
                   4.475                       13.373857
                   4.478                        12.56204
                   4.481                       11.747718
                   4.484                       10.930783
                   4.487                       10.111125
                    4.49                       9.2886298
                   4.493                       8.4631798
                   4.496                       7.6346533
                   4.499                       6.8029246
                   4.502                       5.9678636
                   4.505                       5.1293354
                   4.508                       4.2872007
                   4.511                       3.4413146
                   4.514                        2.591527
                   4.517                       1.7376823
                    4.52                      0.87961864
                   4.523                     0.017167865
                   4.526                     -0.84984481
                   4.529                      -1.7216012
                   4.532                      -2.5982907
                   4.535                      -3.4801105
                   4.538                      -4.3672659
                   4.541                      -5.2599713
                   4.544                      -6.1584502
                   4.547                      -7.0629358
                    4.55                      -7.9736718
                   4.553                      -8.8909128
                   4.556                       -9.814925
                   4.559                      -10.745987
                   4.562                      -11.684389
                   4.565                      -12.630437
                   4.568                       -13.58445
                   4.571                      -14.546764
                   4.574                      -15.517728
                   4.577                      -16.497712
                    4.58                      -17.487101
                   4.583                      -18.486301
                   4.586                      -19.495738
                   4.589                       -20.51586
                   4.592                      -21.547138
                   4.595                      -22.590065
                   4.598                      -23.645163
                   4.601                      -24.712978
                   4.604                      -25.794087
                   4.607                      -26.889096
                    4.61                      -27.998645
                   4.613                      -29.123405
                   4.616                      -30.264086
                   4.619                      -31.421433
                   4.622                      -32.596234
                   4.625                      -33.789316
                   4.628                      -35.001551
                   4.631                       -36.23386
                   4.634                      -37.487208
                   4.637                      -38.762615
                    4.64                      -40.061152
                   4.643                      -41.383945
                   4.646                      -42.732177
                   4.649                      -44.107089
                   4.652                      -45.509983
                   4.655                      -46.942222
                   4.658                       -48.40523
                   4.661                      -49.900491
                   4.664                      -51.429551
                   4.667                      -52.994015
                    4.67                       -54.59554
                   4.673                      -56.235836
                   4.676                      -57.916656
                   4.679                      -59.639785
                   4.682                      -61.407036
                   4.685                      -63.220228
                   4.688                      -65.081173
                   4.691                      -66.991651
                   4.694                      -68.953388
                   4.697                       -70.96802
                     4.7                      -73.037063
                   4.703                      -75.161866
                   4.706                      -77.343568
                   4.709                       -79.58304
                   4.712                      -81.880833
                   4.715                      -84.237113
                   4.718                      -86.651594
                   4.721                      -89.123472
                   4.724                      -91.651359
                   4.727                      -94.233219
                    4.73                      -96.866311
                   4.733                      -99.547141
                   4.736                      -102.27143
                   4.739                      -105.03411
                   4.742                      -107.82928
                   4.745                       -110.6503
                   4.748                      -113.48978
                   4.751                      -116.33966
                   4.754                      -119.19129
                   4.757                      -122.03549
                    4.76                      -124.86268
                   4.763                      -127.66291
                   4.766                      -130.42594
                   4.769                       -133.1412
                   4.772                      -135.79779
                   4.775                      -138.38431
                   4.778                      -140.88862
                   4.781                      -143.29745
                   4.784                      -145.59577
                   4.787                      -147.76582
                    4.79                      -149.78572
                   4.793                      -151.62719
                   4.796                      -153.25205
                   4.799                      -154.60639
                   4.802                      -155.61061
                   4.805                      -156.14135
                   4.808                        -155.997
                   4.811                      -154.82688
                   4.814                      -151.97563
                   4.817                       -146.1229
                    4.82                      -134.51566
                   4.823                       -112.6873
                   4.826                      -82.407444
                   4.829                      -58.578635
                   4.832                      -45.451246
                   4.835                      -38.633359
                   4.838                      -35.047629
                   4.841                      -33.206418
                   4.844                      -32.379657
                   4.847                      -32.182053
                    4.85                      -32.395175
                   4.853                      -32.887456
                   4.856                      -33.575619
                   4.859                      -34.404787
                   4.862                      -35.337597
                   4.865                       -36.34793
                   4.868                      -37.417138
                   4.871                      -38.531684
                   4.874                      -39.681623
                   4.877                      -40.859594
                    4.88                      -42.060131
                   4.883                      -43.279191
                   4.886                      -44.513819
                   4.889                       -45.76191
                   4.892                       -47.02204
                   4.895                      -48.293346
                   4.898                      -49.575443
                   4.901                      -50.868367
                   4.904                      -52.172548
                   4.907                      -53.488799
                    4.91                      -54.818329
                   4.913                      -56.162773
                   4.916                      -57.524256
                   4.919                      -58.905479
                   4.922                      -60.309848
                   4.925                      -61.741653
                   4.928                      -63.206309
                   4.931                      -64.710677
                   4.934                      -66.263459
                   4.937                      -67.875603
                    4.94                      -69.560444
                   4.943                      -71.332531
                   4.946                      -73.201304
                   4.949                      -75.144225
                   4.952                      -76.987857
                   4.955                      -77.769146
                   4.958                       -70.75369
                   4.961                       -17.59888
                   4.964                      -10.980611
                   4.967                      -37.450938
                    4.97                      -53.536677
                   4.973                      -62.208302
                   4.976                      -67.626034
                   4.979                      -71.501284
                   4.982                      -74.558234
                   4.985                      -77.140209
                   4.988                      -79.427482
                   4.991                      -81.522881
                   4.994                      -83.489125
                   4.997                      -85.366638
                       5                      -87.182725

