        Frequency / GHz                SZmin(2),Zmax(1) (30)/arg,degrees
----------------------------------------------------------------------
                       2                      -3.3119753
                   2.003                      -5.4089427
                   2.006                      -7.5652714
                   2.009                      -9.7788278
                   2.012                      -12.046768
                   2.015                      -14.365507
                   2.018                      -16.730708
                   2.021                      -19.137298
                   2.024                      -21.579495
                   2.027                      -24.050884
                    2.03                      -26.544496
                   2.033                      -29.052931
                   2.036                      -31.568487
                   2.039                      -34.083314
                   2.042                      -36.589565
                   2.045                      -39.079558
                   2.048                       -41.54592
                   2.051                      -43.981725
                   2.054                      -46.380601
                   2.057                      -48.736822
                    2.06                      -51.045369
                   2.063                      -53.301965
                   2.066                      -55.503083
                   2.069                      -57.645936
                   2.072                      -59.728443
                   2.075                      -61.749187
                   2.078                      -63.707351
                   2.081                      -65.602666
                   2.084                      -67.435335
                   2.087                      -69.205971
                    2.09                      -70.915533
                   2.093                      -72.565263
                   2.096                      -74.156632
                   2.099                      -75.691289
                   2.102                      -77.171015
                   2.105                      -78.597684
                   2.108                      -79.973233
                   2.111                      -81.299627
                   2.114                      -82.578841
                   2.117                       -83.81284
                    2.12                       -85.00356
                   2.123                      -86.152897
                   2.126                      -87.262699
                   2.129                       -88.33476
                   2.132                      -89.370809
                   2.135                      -90.372513
                   2.138                       -91.34147
                   2.141                      -92.279212
                   2.144                      -93.187203
                   2.147                      -94.066837
                    2.15                      -94.919446
                   2.153                      -95.746295
                   2.156                      -96.548588
                   2.159                      -97.327466
                   2.162                      -98.084016
                   2.165                      -98.819266
                   2.168                      -99.534193
                   2.171                      -100.22972
                   2.174                      -100.90673
                   2.177                      -101.56606
                    2.18                      -102.20848
                   2.183                      -102.83475
                   2.186                      -103.44558
                   2.189                      -104.04164
                   2.192                      -104.62356
                   2.195                      -105.19196
                   2.198                       -105.7474
                   2.201                      -106.29042
                   2.204                      -106.82155
                   2.207                      -107.34128
                    2.21                      -107.85006
                   2.213                      -108.34835
                   2.216                      -108.83656
                   2.219                       -109.3151
                   2.222                      -109.78434
                   2.225                      -110.24465
                   2.228                      -110.69637
                   2.231                      -111.13984
                   2.234                      -111.57535
                   2.237                      -112.00322
                    2.24                      -112.42372
                   2.243                      -112.83714
                   2.246                      -113.24372
                   2.249                      -113.64371
                   2.252                      -114.03735
                   2.255                      -114.42488
                   2.258                      -114.80649
                   2.261                      -115.18241
                   2.264                      -115.55282
                   2.267                      -115.91792
                    2.27                      -116.27789
                   2.273                       -116.6329
                   2.276                      -116.98312
                   2.279                      -117.32871
                   2.282                      -117.66982
                   2.285                       -118.0066
                   2.288                      -118.33919
                   2.291                      -118.66773
                   2.294                      -118.99234
                   2.297                      -119.31315
                     2.3                      -119.63029
                   2.303                      -119.94387
                   2.306                      -120.25399
                   2.309                      -120.56077
                   2.312                      -120.86432
                   2.315                      -121.16473
                   2.318                      -121.46209
                   2.321                       -121.7565
                   2.324                      -122.04806
                   2.327                      -122.33684
                    2.33                      -122.62293
                   2.333                      -122.90641
                   2.336                      -123.18735
                   2.339                      -123.46585
                   2.342                      -123.74196
                   2.345                      -124.01575
                   2.348                       -124.2873
                   2.351                      -124.55668
                   2.354                      -124.82394
                   2.357                      -125.08914
                    2.36                      -125.35235
                   2.363                      -125.61363
                   2.366                      -125.87303
                   2.369                      -126.13061
                   2.372                      -126.38641
                   2.375                       -126.6405
                   2.378                      -126.89292
                   2.381                      -127.14371
                   2.384                      -127.39294
                   2.387                      -127.64063
                    2.39                      -127.88685
                   2.393                      -128.13162
                   2.396                        -128.375
                   2.399                      -128.61703
                   2.402                      -128.85773
                   2.405                      -129.09717
                   2.408                      -129.33536
                   2.411                      -129.57235
                   2.414                      -129.80817
                   2.417                      -130.04287
                    2.42                      -130.27647
                   2.423                        -130.509
                   2.426                      -130.74051
                   2.429                      -130.97102
                   2.432                      -131.20056
                   2.435                      -131.42916
                   2.438                      -131.65686
                   2.441                      -131.88368
                   2.444                      -132.10965
                   2.447                       -132.3348
                    2.45                      -132.55916
                   2.453                      -132.78274
                   2.456                      -133.00559
                   2.459                      -133.22772
                   2.462                      -133.44916
                   2.465                      -133.66993
                   2.468                      -133.89006
                   2.471                      -134.10957
                   2.474                      -134.32848
                   2.477                      -134.54682
                    2.48                       -134.7646
                   2.483                      -134.98186
                   2.486                      -135.19861
                   2.489                      -135.41486
                   2.492                      -135.63066
                   2.495                        -135.846
                   2.498                      -136.06092
                   2.501                      -136.27542
                   2.504                      -136.48954
                   2.507                      -136.70329
                    2.51                      -136.91669
                   2.513                      -137.12975
                   2.516                      -137.34249
                   2.519                      -137.55494
                   2.522                       -137.7671
                   2.525                      -137.97901
                   2.528                      -138.19066
                   2.531                      -138.40208
                   2.534                      -138.61329
                   2.537                       -138.8243
                    2.54                      -139.03512
                   2.543                      -139.24578
                   2.546                      -139.45628
                   2.549                      -139.66664
                   2.552                      -139.87689
                   2.555                      -140.08702
                   2.558                      -140.29706
                   2.561                      -140.50702
                   2.564                      -140.71691
                   2.567                      -140.92676
                    2.57                      -141.13656
                   2.573                      -141.34634
                   2.576                      -141.55611
                   2.579                      -141.76587
                   2.582                      -141.97566
                   2.585                      -142.18547
                   2.588                      -142.39532
                   2.591                      -142.60522
                   2.594                      -142.81519
                   2.597                      -143.02523
                     2.6                      -143.23536
                   2.603                       -143.4456
                   2.606                      -143.65594
                   2.609                      -143.86641
                   2.612                      -144.07702
                   2.615                      -144.28777
                   2.618                      -144.49868
                   2.621                      -144.70976
                   2.624                      -144.92102
                   2.627                      -145.13247
                    2.63                      -145.34412
                   2.633                      -145.55599
                   2.636                      -145.76808
                   2.639                       -145.9804
                   2.642                      -146.19297
                   2.645                      -146.40579
                   2.648                      -146.61888
                   2.651                      -146.83224
                   2.654                      -147.04588
                   2.657                      -147.25982
                    2.66                      -147.47407
                   2.663                      -147.68863
                   2.666                      -147.90351
                   2.669                      -148.11872
                   2.672                      -148.33428
                   2.675                      -148.55019
                   2.678                      -148.76646
                   2.681                       -148.9831
                   2.684                      -149.20012
                   2.687                      -149.41753
                    2.69                      -149.63533
                   2.693                      -149.85354
                   2.696                      -150.07217
                   2.699                      -150.29122
                   2.702                      -150.51071
                   2.705                      -150.73063
                   2.708                      -150.95101
                   2.711                      -151.17184
                   2.714                      -151.39315
                   2.717                      -151.61492
                    2.72                      -151.83718
                   2.723                      -152.05994
                   2.726                      -152.28319
                   2.729                      -152.50695
                   2.732                      -152.73123
                   2.735                      -152.95603
                   2.738                      -153.18136
                   2.741                      -153.40724
                   2.744                      -153.63366
                   2.747                      -153.86064
                    2.75                      -154.08819
                   2.753                       -154.3163
                   2.756                        -154.545
                   2.759                      -154.77428
                   2.762                      -155.00416
                   2.765                      -155.23464
                   2.768                      -155.46573
                   2.771                      -155.69744
                   2.774                      -155.92978
                   2.777                      -156.16274
                    2.78                      -156.39635
                   2.783                       -156.6306
                   2.786                      -156.86551
                   2.789                      -157.10109
                   2.792                      -157.33733
                   2.795                      -157.57425
                   2.798                      -157.81185
                   2.801                      -158.05014
                   2.804                      -158.28913
                   2.807                      -158.52883
                    2.81                      -158.76924
                   2.813                      -159.01037
                   2.816                      -159.25223
                   2.819                      -159.49482
                   2.822                      -159.73815
                   2.825                      -159.98223
                   2.828                      -160.22707
                   2.831                      -160.47266
                   2.834                      -160.71903
                   2.837                      -160.96617
                    2.84                      -161.21409
                   2.843                      -161.46281
                   2.846                      -161.71232
                   2.849                      -161.96264
                   2.852                      -162.21376
                   2.855                       -162.4657
                   2.858                      -162.71847
                   2.861                      -162.97207
                   2.864                      -163.22651
                   2.867                      -163.48179
                    2.87                      -163.73792
                   2.873                      -163.99491
                   2.876                      -164.25277
                   2.879                       -164.5115
                   2.882                      -164.77111
                   2.885                       -165.0316
                   2.888                      -165.29299
                   2.891                      -165.55527
                   2.894                      -165.81847
                   2.897                      -166.08257
                     2.9                       -166.3476
                   2.903                      -166.61355
                   2.906                      -166.88044
                   2.909                      -167.14827
                   2.912                      -167.41704
                   2.915                      -167.68678
                   2.918                      -167.95747
                   2.921                      -168.22913
                   2.924                      -168.50177
                   2.927                      -168.77539
                    2.93                      -169.04999
                   2.933                       -169.3256
                   2.936                      -169.60221
                   2.939                      -169.87983
                   2.942                      -170.15846
                   2.945                      -170.43813
                   2.948                      -170.71882
                   2.951                      -171.00055
                   2.954                      -171.28333
                   2.957                      -171.56717
                    2.96                      -171.85206
                   2.963                      -172.13802
                   2.966                      -172.42506
                   2.969                      -172.71318
                   2.972                      -173.00239
                   2.975                       -173.2927
                   2.978                      -173.58412
                   2.981                      -173.87664
                   2.984                      -174.17029
                   2.987                      -174.46507
                    2.99                      -174.76098
                   2.993                      -175.05803
                   2.996                      -175.35624
                   2.999                       -175.6556
                   3.002                      -175.95613
                   3.005                      -176.25784
                   3.008                      -176.56073
                   3.011                      -176.86481
                   3.014                      -177.17009
                   3.017                      -177.47657
                    3.02                      -177.78428
                   3.023                       -178.0932
                   3.026                      -178.40336
                   3.029                      -178.71476
                   3.032                      -179.02741
                   3.035                      -179.34132
                   3.038                      -179.65649
                   3.041                      -179.97294
                   3.044                       179.70933
                   3.047                       179.39031
                    3.05                       179.06998
                   3.053                       178.74834
                   3.056                       178.42538
                   3.059                       178.10109
                   3.062                       177.77546
                   3.065                       177.44848
                   3.068                       177.12014
                   3.071                       176.79044
                   3.074                       176.45936
                   3.077                       176.12688
                    3.08                       175.79302
                   3.083                       175.45774
                   3.086                       175.12104
                   3.089                       174.78292
                   3.092                       174.44335
                   3.095                       174.10234
                   3.098                       173.75986
                   3.101                       173.41591
                   3.104                       173.07048
                   3.107                       172.72356
                    3.11                       172.37512
                   3.113                       172.02518
                   3.116                        171.6737
                   3.119                       171.32068
                   3.122                       170.96611
                   3.125                       170.60997
                   3.128                       170.25226
                   3.131                       169.89295
                   3.134                       169.53205
                   3.137                       169.16953
                    3.14                       168.80538
                   3.143                       168.43958
                   3.146                       168.07214
                   3.149                       167.70302
                   3.152                       167.33222
                   3.155                       166.95973
                   3.158                       166.58552
                   3.161                       166.20959
                   3.164                       165.83192
                   3.167                       165.45249
                    3.17                       165.07129
                   3.173                       164.68831
                   3.176                       164.30352
                   3.179                       163.91692
                   3.182                       163.52848
                   3.185                       163.13819
                   3.188                       162.74604
                   3.191                         162.352
                   3.194                       161.95606
                   3.197                        161.5582
                     3.2                       161.15841
                   3.203                       160.75666
                   3.206                       160.35293
                   3.209                       159.94722
                   3.212                       159.53949
                   3.215                       159.12973
                   3.218                       158.71792
                   3.221                       158.30404
                   3.224                       157.88807
                   3.227                       157.46998
                    3.23                       157.04976
                   3.233                       156.62738
                   3.236                       156.20283
                   3.239                       155.77608
                   3.242                        155.3471
                   3.245                       154.91587
                   3.248                       154.48238
                   3.251                       154.04658
                   3.254                       153.60847
                   3.257                       153.16802
                    3.26                       152.72519
                   3.263                       152.27996
                   3.266                       151.83231
                   3.269                       151.38221
                   3.272                       150.92963
                   3.275                       150.47454
                   3.278                       150.01692
                   3.281                       149.55673
                   3.284                       149.09394
                   3.287                       148.62852
                    3.29                       148.16045
                   3.293                       147.68968
                   3.296                       147.21619
                   3.299                       146.73995
                   3.302                       146.26091
                   3.305                       145.77905
                   3.308                       145.29432
                   3.311                        144.8067
                   3.314                       144.31614
                   3.317                       143.82261
                    3.32                       143.32607
                   3.323                       142.82647
                   3.326                       142.32379
                   3.329                       141.81797
                   3.332                       141.30897
                   3.335                       140.79676
                   3.338                       140.28128
                   3.341                        139.7625
                   3.344                       139.24036
                   3.347                       138.71482
                    3.35                       138.18583
                   3.353                       137.65334
                   3.356                        137.1173
                   3.359                       136.57766
                   3.362                       136.03437
                   3.365                       135.48737
                   3.368                        134.9366
                   3.371                       134.38202
                   3.374                       133.82356
                   3.377                       133.26116
                    3.38                       132.69477
                   3.383                       132.12431
                   3.386                       131.54973
                   3.389                       130.97097
                   3.392                       130.38795
                   3.395                       129.80061
                   3.398                       129.20887
                   3.401                       128.61268
                   3.404                       128.01194
                   3.407                        127.4066
                    3.41                       126.79657
                   3.413                       126.18177
                   3.416                       125.56212
                   3.419                       124.93755
                   3.422                       124.30796
                   3.425                       123.67327
                   3.428                        123.0334
                   3.431                       122.38825
                   3.434                       121.73772
                   3.437                       121.08173
                    3.44                       120.42018
                   3.443                       119.75297
                   3.446                          119.08
                   3.449                       118.40115
                   3.452                       117.71634
                   3.455                       117.02544
                   3.458                       116.32834
                   3.461                       115.62494
                   3.464                        114.9151
                   3.467                       114.19873
                    3.47                       113.47568
                   3.473                       112.74584
                   3.476                       112.00908
                   3.479                       111.26526
                   3.482                       110.51426
                   3.485                       109.75593
                   3.488                       108.99015
                   3.491                       108.21675
                   3.494                        107.4356
                   3.497                       106.64656
                     3.5                       105.84946
                   3.503                       105.04415
                   3.506                       104.23048
                   3.509                       103.40828
                   3.512                       102.57739
                   3.515                       101.73764
                   3.518                       100.88887
                   3.521                       100.03089
                   3.524                       99.163548
                   3.527                       98.286649
                    3.53                       97.400017
                   3.533                       96.503469
                   3.536                        95.59682
                   3.539                       94.679883
                   3.542                       93.752468
                   3.545                       92.814385
                   3.548                       91.865441
                   3.551                       90.905442
                   3.554                       89.934194
                   3.557                       88.951503
                    3.56                       87.957172
                   3.563                       86.951006
                   3.566                       85.932812
                   3.569                       84.902397
                   3.572                       83.859568
                   3.575                       82.804137
                   3.578                       81.735917
                   3.581                       80.654726
                   3.584                       79.560386
                   3.587                       78.452722
                    3.59                       77.331569
                   3.593                       76.196764
                   3.596                       75.048156
                   3.599                       73.885601
                   3.602                       72.708964
                   3.605                       71.518123
                   3.608                       70.312965
                   3.611                       69.093394
                   3.614                       67.859326
                   3.617                       66.610694
                    3.62                       65.347447
                   3.623                       64.069555
                   3.626                       62.777006
                   3.629                       61.469808
                   3.632                       60.147996
                   3.635                       58.811624
                   3.638                       57.460777
                   3.641                       56.095561
                   3.644                       54.716115
                   3.647                       53.322605
                    3.65                       51.915227
                   3.653                       50.494209
                   3.656                       49.059813
                   3.659                       47.612331
                   3.662                       46.152091
                   3.665                       44.679454
                   3.668                       43.194816
                   3.671                       41.698608
                   3.674                       40.191293
                   3.677                       38.673369
                    3.68                       37.145369
                   3.683                       35.607855
                   3.686                       34.061421
                   3.689                       32.506692
                   3.692                       30.944319
                   3.695                       29.374979
                   3.698                       27.799375
                   3.701                       26.218229
                   3.704                       24.632281
                   3.707                       23.042291
                    3.71                       21.449029
                   3.713                       19.853275
                   3.716                       18.255818
                   3.719                        16.65745
                   3.722                       15.058961
                   3.725                       13.461144
                   3.728                       11.864782
                   3.731                       10.270651
                   3.734                       8.6795144
                   3.737                       7.0921235
                    3.74                       5.5092111
                   3.743                       3.9314911
                   3.746                       2.3596562
                   3.749                       0.7943758
                   3.752                     -0.76370554
                   3.755                      -2.3139696
                   3.758                      -3.8558254
                   3.761                      -5.3887104
                   3.764                      -6.9120905
                   3.767                      -8.4254607
                    3.77                      -9.9283452
                   3.773                      -11.420297
                   3.776                      -12.900896
                   3.779                      -14.369752
                   3.782                      -15.826499
                   3.785                      -17.270798
                   3.788                      -18.702333
                   3.791                      -20.120811
                   3.794                      -21.525959
                   3.797                      -22.917523
                     3.8                      -24.295266
                   3.803                      -25.658964
                   3.806                      -27.008408
                   3.809                      -28.343394
                   3.812                      -29.663729
                   3.815                      -30.969223
                   3.818                      -32.259686
                   3.821                      -33.534926
                   3.824                      -34.794746
                   3.827                      -36.038941
                    3.83                      -37.267292
                   3.833                      -38.479562
                   3.836                      -39.675494
                   3.839                      -40.854805
                   3.842                      -42.017179
                   3.845                      -43.162262
                   3.848                      -44.289658
                   3.851                      -45.398917
                   3.854                       -46.48953
                   3.857                      -47.560918
                    3.86                      -48.612422
                   3.863                      -49.643291
                   3.866                      -50.652665
                   3.869                      -51.639562
                   3.872                      -52.602854
                   3.875                      -53.541246
                   3.878                      -54.453251
                   3.881                      -55.337151
                   3.884                      -56.190961
                   3.887                      -57.012383
                    3.89                      -57.798741
                   3.893                      -58.546918
                   3.896                      -59.253261
                   3.899                      -59.913474
                   3.902                      -60.522484
                   3.905                      -61.074262
                   3.908                       -61.56161
                   3.911                      -61.975875
                   3.914                      -62.306586
                   3.917                      -62.540983
                    3.92                      -62.663384
                   3.923                      -62.654359
                   3.926                      -62.489611
                   3.929                      -62.138468
                   3.932                       -61.56183
                   3.935                      -60.709367
                   3.938                      -59.515714
                   3.941                      -57.895367
                   3.944                      -55.736121
                   3.947                      -52.891397
                    3.95                      -49.173426
                   3.953                      -44.353413
                   3.956                      -38.183539
                   3.959                      -30.468131
                   3.962                      -21.209929
                   3.965                      -10.792517
                   3.968                    -0.021927252
                   3.971                       10.143178
                   3.974                       19.001366
                   3.977                       26.289929
                    3.98                       32.080228
                   3.983                       36.593771
                   3.986                        40.07753
                   3.989                       42.749776
                   3.992                       44.786371
                   3.995                       46.323568
                   3.998                       47.465434
                   4.001                        48.29131
                   4.004                       48.861974
                   4.007                       49.224346
                    4.01                       49.414993
                   4.013                       49.462695
                   4.016                       49.390329
                   4.019                       49.216255
                   4.022                       48.955343
                   4.025                       48.619741
                   4.028                       48.219454
                   4.031                       47.762783
                   4.034                       47.256665
                   4.037                       46.706936
                    4.04                       46.118532
                   4.043                       45.495656
                   4.046                       44.841901
                   4.049                       44.160355
                   4.052                       43.453685
                   4.055                       42.724202
                   4.058                       41.973915
                   4.061                        41.20458
                   4.064                       40.417734
                   4.067                       39.614724
                    4.07                       38.796738
                   4.073                       37.964824
                   4.076                       37.119907
                   4.079                       36.262806
                   4.082                       35.394247
                   4.085                       34.514872
                   4.088                       33.625255
                   4.091                         32.7259
                   4.094                       31.817257
                   4.097                       30.899725
                     4.1                       29.973656
                   4.103                       29.039361
                   4.106                       28.097115
                   4.109                       27.147156
                   4.112                       26.189696
                   4.115                       25.224916
                   4.118                       24.252971
                   4.121                       23.273994
                   4.124                       22.288096
                   4.127                       21.295367
                    4.13                        20.29588
                   4.133                       19.289689
                   4.136                       18.276832
                   4.139                       17.257332
                   4.142                       16.231197
                   4.145                       15.198421
                   4.148                       14.158986
                   4.151                        13.11286
                   4.154                       12.059999
                   4.157                        11.00035
                    4.16                        9.933845
                   4.163                       8.8604073
                   4.166                        7.779949
                   4.169                        6.692372
                   4.172                       5.5975676
                   4.175                       4.4954175
                   4.178                       3.3857933
                   4.181                       2.2685567
                   4.184                       1.1435599
                   4.187                     0.010645375
                    4.19                      -1.1303539
                   4.193                      -2.2796147
                   4.196                       -3.437323
                   4.199                      -4.6036746
                   4.202                      -5.7788746
                   4.205                      -6.9631376
                   4.208                      -8.1566877
                   4.211                      -9.3597585
                   4.214                      -10.572593
                   4.217                      -11.795444
                    4.22                      -13.028573
                   4.223                      -14.272251
                   4.226                      -15.526758
                   4.229                      -16.792385
                   4.232                      -18.069429
                   4.235                      -19.358199
                   4.238                      -20.659009
                   4.241                      -21.972185
                   4.244                      -23.298059
                   4.247                       -24.63697
                    4.25                      -25.989266
                   4.253                      -27.355299
                   4.256                      -28.735431
                   4.259                      -30.130025
                   4.262                      -31.539451
                   4.265                      -32.964082
                   4.268                      -34.404291
                   4.271                      -35.860455
                   4.274                       -37.33295
                   4.277                      -38.822148
                    4.28                       -40.32842
                   4.283                      -41.852129
                   4.286                      -43.393631
                   4.289                      -44.953272
                   4.292                      -46.531384
                   4.295                      -48.128284
                   4.298                      -49.744271
                   4.301                      -51.379618
                   4.304                      -53.034576
                   4.307                      -54.709364
                    4.31                      -56.404167
                   4.313                      -58.119132
                   4.316                      -59.854362
                   4.319                      -61.609912
                   4.322                      -63.385786
                   4.325                      -65.181927
                   4.328                      -66.998216
                   4.331                      -68.834465
                   4.334                      -70.690413
                   4.337                      -72.565717
                    4.34                      -74.459951
                   4.343                      -76.372601
                   4.346                      -78.303055
                   4.349                      -80.250606
                   4.352                      -82.214443
                   4.355                      -84.193647
                   4.358                      -86.187193
                   4.361                      -88.193941
                   4.364                      -90.212638
                   4.367                      -92.241917
                    4.37                       -94.28029
                   4.373                      -96.326152
                   4.376                      -98.377778
                   4.379                      -100.43332
                   4.382                      -102.49081
                   4.385                      -104.54814
                   4.388                      -106.60308
                   4.391                      -108.65325
                   4.394                      -110.69611
                   4.397                      -112.72895
                     4.4                      -114.74886
                   4.403                      -116.75267
                   4.406                      -118.73695
                   4.409                      -120.69788
                   4.412                      -122.63119
                   4.415                      -124.53202
                   4.418                      -126.39474
                   4.421                      -128.21265
                   4.424                      -129.97767
                   4.427                      -131.67977
                    4.43                      -133.30618
                   4.433                      -134.84022
                   4.436                      -136.25944
                   4.439                      -137.53269
                   4.442                      -138.61515
                   4.445                      -139.43968
                   4.448                      -139.90088
                   4.451                      -139.82347
                   4.454                      -138.89451
                   4.457                      -136.50324
                    4.46                      -131.31841
                   4.463                      -120.09654
                   4.466                      -95.541822
                   4.469                      -57.386251
                   4.472                      -30.570242
                   4.475                       -18.10987
                   4.478                      -12.306998
                   4.481                      -9.5239418
                   4.484                      -8.2816898
                   4.487                      -7.9120524
                    4.49                      -8.0774054
                   4.493                      -8.5909511
                   4.496                      -9.3417145
                   4.499                      -10.259959
                   4.502                      -11.299856
                   4.505                      -12.430186
                   4.508                      -13.629052
                   4.511                       -14.88073
                   4.514                      -16.173719
                   4.517                      -17.499483
                    4.52                      -18.851618
                   4.523                      -20.225296
                   4.526                      -21.616862
                   4.529                      -23.023565
                   4.532                      -24.443353
                   4.535                       -25.87473
                   4.538                      -27.316643
                   4.541                      -28.768406
                   4.544                      -30.229635
                   4.547                      -31.700204
                    4.55                      -33.180208
                   4.553                      -34.669943
                   4.556                      -36.169878
                   4.559                      -37.680648
                   4.562                      -39.203042
                   4.565                      -40.737998
                   4.568                      -42.286602
                   4.571                      -43.850087
                   4.574                      -45.429837
                   4.577                      -47.027394
                    4.58                      -48.644464
                   4.583                       -50.28293
                   4.586                      -51.944866
                   4.589                      -53.632552
                   4.592                      -55.348492
                   4.595                      -57.095442
                   4.598                      -58.876428
                   4.601                      -60.694788
                   4.604                      -62.554199
                   4.607                      -64.458723
                    4.61                      -66.412862
                   4.613                      -68.421614
                   4.616                      -70.490553
                   4.619                      -72.625927
                   4.622                      -74.834789
                   4.625                       -77.12518
                   4.628                       -79.50641
                   4.631                      -81.989497
                   4.634                      -84.587955
                   4.637                      -87.319276
                    4.64                       -90.20806
                   4.643                      -93.293453
                   4.646                      -96.649874
                   4.649                      -100.46021
                   4.652                      -105.40695
                   4.655                      -119.04279
                   4.658                       80.229284
                   4.661                       71.071806
                   4.664                       65.817535
                   4.667                       61.093885
                    4.67                        56.44681
                   4.673                        51.75445
                   4.676                       46.981276
                   4.679                       42.125703
                   4.682                       37.203718
                   4.685                       32.241837
                   4.688                       27.272863
                   4.691                       22.332546
                   4.694                       17.456674
                   4.697                       12.678591
                     4.7                       8.0272847
                   4.703                       3.5261619
                   4.706                     -0.80749051
                   4.709                      -4.9624306
                   4.712                       -8.932934
                   4.715                      -12.717986
                   4.718                      -16.320356
                   4.721                      -19.745672
                   4.724                      -23.001582
                   4.727                      -26.097039
                    4.73                      -29.041725
                   4.733                      -31.845606
                   4.736                      -34.518606
                   4.739                       -37.07038
                   4.742                      -39.510159
                   4.745                       -41.84666
                   4.748                      -44.088036
                   4.751                      -46.241858
                   4.754                      -48.315124
                   4.757                      -50.314273
                    4.76                      -52.245216
                   4.763                      -54.113369
                   4.766                      -55.923688
                   4.769                      -57.680709
                   4.772                      -59.388578
                   4.775                       -61.05109
                   4.778                      -62.671717
                   4.781                      -64.253642
                   4.784                      -65.799785
                   4.787                      -67.312827
                    4.79                      -68.795233
                   4.793                      -70.249275
                   4.796                       -71.67705
                   4.799                      -73.080496
                   4.802                      -74.461408
                   4.805                      -75.821455
                   4.808                      -77.162187
                   4.811                       -78.48505
                   4.814                      -79.791399
                   4.817                        -81.0825
                    4.82                      -82.359546
                   4.823                       -83.62366
                   4.826                      -84.875906
                   4.829                      -86.117291
                   4.832                      -87.348774
                   4.835                      -88.571273
                   4.838                      -89.785665
                   4.841                      -90.992797
                   4.844                      -92.193486
                   4.847                      -93.388524
                    4.85                      -94.578684
                   4.853                      -95.764725
                   4.856                       -96.94739
                   4.859                      -98.127416
                   4.862                      -99.305534
                   4.865                      -100.48248
                   4.868                      -101.65898
                   4.871                      -102.83578
                   4.874                      -104.01363
                   4.877                       -105.1933
                    4.88                      -106.37558
                   4.883                      -107.56129
                   4.886                      -108.75126
                   4.889                      -109.94638
                   4.892                      -111.14759
                   4.895                      -112.35584
                   4.898                       -113.5722
                   4.901                      -114.79775
                   4.904                      -116.03371
                   4.907                      -117.28134
                    4.91                      -118.54205
                   4.913                      -119.81735
                   4.916                      -121.10893
                   4.919                      -122.41863
                   4.922                       -123.7485
                   4.925                      -125.10083
                   4.928                      -126.47818
                   4.931                      -127.88348
                   4.934                      -129.32001
                   4.937                      -130.79158
                    4.94                      -132.30252
                   4.943                      -133.85791
                   4.946                      -135.46363
                   4.949                      -137.12665
                   4.952                       -138.8552
                   4.955                      -140.65913
                   4.958                      -142.55032
                   4.961                      -144.54322
                   4.964                      -146.65557
                   4.967                      -148.90936
                    4.97                      -151.33207
                   4.973                      -153.95845
                   4.976                      -156.83269
                   4.979                      -160.01145
                   4.982                      -163.56737
                   4.985                      -167.59285
                   4.988                      -172.20143
                   4.991                      -177.51819
                   4.994                       176.37589
                   4.997                       169.73371
                       5                       165.95151

