        Frequency / GHz                SZmin(2),Zmax(1) (29)/arg,degrees
----------------------------------------------------------------------
                       2                      -121.60593
                   2.003                      -121.80926
                   2.006                      -122.01247
                   2.009                      -122.21554
                   2.012                      -122.41849
                   2.015                      -122.62133
                   2.018                      -122.82404
                   2.021                      -123.02664
                   2.024                      -123.22913
                   2.027                      -123.43151
                    2.03                      -123.63379
                   2.033                      -123.83598
                   2.036                      -124.03807
                   2.039                      -124.24006
                   2.042                      -124.44197
                   2.045                       -124.6438
                   2.048                      -124.84555
                   2.051                      -125.04723
                   2.054                      -125.24884
                   2.057                      -125.45038
                    2.06                      -125.65187
                   2.063                      -125.85329
                   2.066                      -126.05467
                   2.069                        -126.256
                   2.072                      -126.45729
                   2.075                      -126.65855
                   2.078                      -126.85977
                   2.081                      -127.06097
                   2.084                      -127.26215
                   2.087                      -127.46332
                    2.09                      -127.66448
                   2.093                      -127.86563
                   2.096                      -128.06679
                   2.099                      -128.26795
                   2.102                      -128.46913
                   2.105                      -128.67033
                   2.108                      -128.87155
                   2.111                      -129.07281
                   2.114                      -129.27411
                   2.117                      -129.47546
                    2.12                      -129.67685
                   2.123                      -129.87831
                   2.126                      -130.07983
                   2.129                      -130.28142
                   2.132                       -130.4831
                   2.135                      -130.68486
                   2.138                      -130.88672
                   2.141                      -131.08868
                   2.144                      -131.29074
                   2.147                      -131.49293
                    2.15                      -131.69524
                   2.153                      -131.89768
                   2.156                      -132.10027
                   2.159                      -132.30301
                   2.162                       -132.5059
                   2.165                      -132.70896
                   2.168                      -132.91219
                   2.171                      -133.11561
                   2.174                      -133.31923
                   2.177                      -133.52304
                    2.18                      -133.72707
                   2.183                      -133.93132
                   2.186                      -134.13579
                   2.189                      -134.34051
                   2.192                      -134.54548
                   2.195                      -134.75071
                   2.198                      -134.95621
                   2.201                        -135.162
                   2.204                      -135.36807
                   2.207                      -135.57445
                    2.21                      -135.78114
                   2.213                      -135.98815
                   2.216                       -136.1955
                   2.219                       -136.4032
                   2.222                      -136.61126
                   2.225                      -136.81969
                   2.228                      -137.02851
                   2.231                      -137.23772
                   2.234                      -137.44734
                   2.237                      -137.65738
                    2.24                      -137.86785
                   2.243                      -138.07878
                   2.246                      -138.29016
                   2.249                      -138.50202
                   2.252                      -138.71437
                   2.255                      -138.92723
                   2.258                       -139.1406
                   2.261                       -139.3545
                   2.264                      -139.56895
                   2.267                      -139.78397
                    2.27                      -139.99956
                   2.273                      -140.21575
                   2.276                      -140.43255
                   2.279                      -140.64997
                   2.282                      -140.86804
                   2.285                      -141.08677
                   2.288                      -141.30618
                   2.291                      -141.52628
                   2.294                      -141.74709
                   2.297                      -141.96864
                     2.3                      -142.19094
                   2.303                        -142.414
                   2.306                      -142.63786
                   2.309                      -142.86252
                   2.312                      -143.08801
                   2.315                      -143.31435
                   2.318                      -143.54156
                   2.321                      -143.76966
                   2.324                      -143.99868
                   2.327                      -144.22863
                    2.33                      -144.45953
                   2.333                      -144.69142
                   2.336                      -144.92431
                   2.339                      -145.15822
                   2.342                      -145.39319
                   2.345                      -145.62924
                   2.348                      -145.86639
                   2.351                      -146.10466
                   2.354                      -146.34409
                   2.357                      -146.58471
                    2.36                      -146.82653
                   2.363                      -147.06959
                   2.366                      -147.31392
                   2.369                      -147.55954
                   2.372                      -147.80648
                   2.375                      -148.05479
                   2.378                      -148.30448
                   2.381                      -148.55559
                   2.384                      -148.80815
                   2.387                       -149.0622
                    2.39                      -149.31777
                   2.393                      -149.57489
                   2.396                      -149.83361
                   2.399                      -150.09395
                   2.402                      -150.35596
                   2.405                      -150.61967
                   2.408                      -150.88512
                   2.411                      -151.15236
                   2.414                      -151.42142
                   2.417                      -151.69234
                    2.42                      -151.96518
                   2.423                      -152.23997
                   2.426                      -152.51676
                   2.429                      -152.79559
                   2.432                      -153.07652
                   2.435                      -153.35958
                   2.438                      -153.64484
                   2.441                      -153.93235
                   2.444                      -154.22215
                   2.447                       -154.5143
                    2.45                      -154.80885
                   2.453                      -155.10587
                   2.456                       -155.4054
                   2.459                      -155.70752
                   2.462                      -156.01228
                   2.465                      -156.31975
                   2.468                      -156.62998
                   2.471                      -156.94305
                   2.474                      -157.25903
                   2.477                      -157.57799
                    2.48                      -157.89999
                   2.483                      -158.22512
                   2.486                      -158.55345
                   2.489                      -158.88506
                   2.492                      -159.22003
                   2.495                      -159.55845
                   2.498                      -159.90039
                   2.501                      -160.24596
                   2.504                      -160.59524
                   2.507                      -160.94832
                    2.51                       -161.3053
                   2.513                      -161.66629
                   2.516                      -162.03138
                   2.519                      -162.40068
                   2.522                      -162.77431
                   2.525                      -163.15236
                   2.528                      -163.53497
                   2.531                      -163.92225
                   2.534                      -164.31432
                   2.537                      -164.71131
                    2.54                      -165.11336
                   2.543                      -165.52059
                   2.546                      -165.93316
                   2.549                      -166.35121
                   2.552                      -166.77488
                   2.555                      -167.20433
                   2.558                      -167.63972
                   2.561                      -168.08122
                   2.564                        -168.529
                   2.567                      -168.98323
                    2.57                       -169.4441
                   2.573                       -169.9118
                   2.576                      -170.38651
                   2.579                      -170.86845
                   2.582                      -171.35782
                   2.585                      -171.85484
                   2.588                      -172.35972
                   2.591                      -172.87271
                   2.594                      -173.39403
                   2.597                      -173.92394
                     2.6                      -174.46268
                   2.603                      -175.01053
                   2.606                      -175.56775
                   2.609                      -176.13462
                   2.612                      -176.71143
                   2.615                      -177.29849
                   2.618                      -177.89611
                   2.621                      -178.50459
                   2.624                      -179.12428
                   2.627                      -179.75551
                    2.63                       179.60137
                   2.633                       178.94599
                   2.636                       178.27799
                   2.639                       177.59697
                   2.642                       176.90256
                   2.645                       176.19433
                   2.648                       175.47188
                   2.651                       174.73477
                   2.654                       173.98258
                   2.657                       173.21485
                    2.66                       172.43112
                   2.663                       171.63093
                   2.666                        170.8138
                   2.669                       169.97925
                   2.672                       169.12678
                   2.675                        168.2559
                   2.678                       167.36611
                   2.681                       166.45689
                   2.684                       165.52774
                   2.687                       164.57816
                    2.69                       163.60763
                   2.693                       162.61566
                   2.696                       161.60176
                   2.699                       160.56543
                   2.702                       159.50622
                   2.705                       158.42368
                   2.708                       157.31737
                   2.711                       156.18689
                   2.714                       155.03188
                   2.717                         153.852
                    2.72                       152.64697
                   2.723                       151.41654
                   2.726                       150.16052
                   2.729                        148.8788
                   2.732                       147.57131
                   2.735                       146.23807
                   2.738                       144.87919
                   2.741                       143.49485
                   2.744                       142.08534
                   2.747                       140.65104
                    2.75                       139.19245
                   2.753                       137.71018
                   2.756                       136.20493
                   2.759                       134.67756
                   2.762                       133.12903
                   2.765                       131.56042
                   2.768                       129.97293
                   2.771                        128.3679
                   2.774                       126.74675
                   2.777                       125.11103
                    2.78                       123.46239
                   2.783                       121.80257
                   2.786                       120.13338
                   2.789                       118.45671
                   2.792                       116.77449
                   2.795                        115.0887
                   2.798                       113.40134
                   2.801                       111.71441
                   2.804                       110.02991
                   2.807                       108.34981
                    2.81                       106.67603
                   2.813                       105.01045
                   2.816                       103.35488
                   2.819                       101.71102
                   2.822                       100.08052
                   2.825                       98.464895
                   2.828                       96.865562
                   2.831                       95.283824
                   2.834                       93.720863
                   2.837                       92.177742
                    2.84                       90.655399
                   2.843                       89.154653
                   2.846                       87.676206
                   2.849                        86.22064
                   2.852                        84.78843
                   2.855                       83.379943
                   2.858                       81.995447
                   2.861                       80.635116
                   2.864                       79.299036
                   2.867                       77.987212
                    2.87                       76.699579
                   2.873                       75.436002
                   2.876                       74.196286
                   2.879                       72.980185
                   2.882                       71.787404
                   2.885                       70.617608
                   2.888                       69.470424
                   2.891                        68.34545
                   2.894                        67.24226
                   2.897                       66.160405
                     2.9                       65.099418
                   2.903                        64.05882
                   2.906                       63.038123
                   2.909                       62.036829
                   2.912                        61.05444
                   2.915                       60.090451
                   2.918                       59.144362
                   2.921                       58.215671
                   2.924                       57.303883
                   2.927                       56.408505
                    2.93                       55.529053
                   2.933                       54.665049
                   2.936                       53.816022
                   2.939                       52.981511
                   2.942                       52.161064
                   2.945                       51.354238
                   2.948                       50.560603
                   2.951                       49.779736
                   2.954                       49.011225
                   2.957                       48.254671
                    2.96                       47.509683
                   2.963                       46.775883
                   2.966                       46.052901
                   2.969                       45.340381
                   2.972                       44.637975
                   2.975                       43.945346
                   2.978                       43.262166
                   2.981                        42.58812
                   2.984                         41.9229
                   2.987                       41.266209
                    2.99                       40.617757
                   2.993                       39.977267
                   2.996                       39.344468
                   2.999                       38.719098
                   3.002                       38.100905
                   3.005                       37.489642
                   3.008                       36.885074
                   3.011                       36.286969
                   3.014                       35.695107
                   3.017                       35.109273
                    3.02                       34.529258
                   3.023                        33.95486
                   3.026                       33.385886
                   3.029                       32.822147
                   3.032                        32.26346
                   3.035                       31.709649
                   3.038                       31.160543
                   3.041                       30.615976
                   3.044                       30.075787
                   3.047                       29.539823
                    3.05                       29.007932
                   3.053                       28.479969
                   3.056                       27.955793
                   3.059                       27.435267
                   3.062                       26.918259
                   3.065                       26.404641
                   3.068                       25.894287
                   3.071                       25.387077
                   3.074                       24.882895
                   3.077                       24.381626
                    3.08                       23.883161
                   3.083                       23.387393
                   3.086                       22.894218
                   3.089                       22.403534
                   3.092                       21.915246
                   3.095                       21.429256
                   3.098                       20.945474
                   3.101                        20.46381
                   3.104                       19.984175
                   3.107                       19.506487
                    3.11                       19.030662
                   3.113                        18.55662
                   3.116                       18.084283
                   3.119                       17.613577
                   3.122                       17.144426
                   3.125                       16.676759
                   3.128                       16.210507
                   3.131                         15.7456
                   3.134                       15.281974
                   3.137                       14.819564
                    3.14                       14.358306
                   3.143                        13.89814
                   3.146                       13.439006
                   3.149                       12.980846
                   3.152                       12.523604
                   3.155                       12.067223
                   3.158                       11.611651
                   3.161                       11.156836
                   3.164                       10.702725
                   3.167                        10.24927
                    3.17                       9.7964213
                   3.173                        9.344133
                   3.176                       8.8923586
                   3.179                       8.4410535
                   3.182                       7.9901743
                   3.185                       7.5396787
                   3.188                       7.0895255
                   3.191                        6.639675
                   3.194                       6.1900884
                   3.197                       5.7407281
                     3.2                       5.2915578
                   3.203                       4.8425425
                   3.206                       4.3936481
                   3.209                        3.944842
                   3.212                       3.4960927
                   3.215                       3.0473702
                   3.218                       2.5986455
                   3.221                       2.1498913
                   3.224                       1.7010815
                   3.227                       1.2521916
                    3.23                      0.80319851
                   3.233                      0.35408089
                   3.236                    -0.095180952
                   3.239                     -0.54460492
                   3.242                     -0.99420698
                   3.245                      -1.4440011
                   3.248                       -1.893999
                   3.251                      -2.3442102
                   3.254                      -2.7946415
                   3.257                      -3.2452973
                    3.26                      -3.6961788
                   3.263                      -4.1472842
                   3.266                      -4.5986082
                   3.269                      -5.0501417
                   3.272                      -5.5018714
                   3.275                      -5.9537799
                   3.278                      -6.4058442
                   3.281                      -6.8580365
                   3.284                      -7.3103226
                   3.287                      -7.7626616
                    3.29                      -8.2150055
                   3.293                      -8.6672979
                   3.296                      -9.1194732
                   3.299                      -9.5714558
                   3.302                      -10.023159
                   3.305                      -10.474482
                   3.308                      -10.925311
                   3.311                      -11.375515
                   3.314                      -11.824946
                   3.317                      -12.273434
                    3.32                      -12.720785
                   3.323                       -13.16678
                   3.326                      -13.611167
                   3.329                      -14.053661
                   3.332                      -14.493934
                   3.335                      -14.931613
                   3.338                      -15.366269
                   3.341                      -15.797412
                   3.344                      -16.224475
                   3.347                      -16.646807
                    3.35                      -17.063652
                   3.353                      -17.474134
                   3.356                      -17.877231
                   3.359                      -18.271747
                   3.362                      -18.656275
                   3.365                      -19.029152
                   3.368                      -19.388401
                   3.371                      -19.731657
                   3.374                      -20.056071
                   3.377                      -20.358184
                    3.38                      -20.633761
                   3.383                      -20.877567
                   3.386                      -21.083061
                   3.389                      -21.241977
                   3.392                      -21.343722
                   3.395                      -21.374516
                   3.398                      -21.316125
                   3.401                      -21.143935
                   3.404                      -20.823958
                   3.407                      -20.307998
                    3.41                      -19.525568
                   3.413                      -18.369718
                   3.416                      -16.670978
                   3.419                      -14.146602
                   3.422                      -10.295877
                   3.425                      -4.1747689
                   3.428                       6.0666674
                   3.431                       23.670257
                   3.434                       50.458507
                   3.437                       77.845454
                    3.44                       96.287972
                   3.443                       107.01538
                   3.446                       113.36709
                   3.449                       117.30936
                   3.452                        119.8459
                   3.455                       121.50617
                   3.458                       122.58734
                   3.461                       123.26655
                   3.464                       123.65502
                   3.467                       123.82572
                    3.47                       123.82829
                   3.473                       123.69759
                   3.476                        123.4587
                   3.479                        123.1301
                   3.482                       122.72564
                   3.485                       122.25587
                   3.488                       121.72891
                   3.491                        121.1511
                   3.494                       120.52742
                   3.497                       119.86179
                     3.5                       119.15733
                   3.503                       118.41648
                   3.506                       117.64121
                   3.509                       116.83303
                   3.512                       115.99313
                   3.515                       115.12239
                   3.518                       114.22149
                   3.521                       113.29086
                   3.524                       112.33081
                   3.527                       111.34146
                    3.53                       110.32283
                   3.533                       109.27482
                   3.536                       108.19724
                   3.539                       107.08983
                   3.542                       105.95222
                   3.545                       104.78402
                   3.548                       103.58478
                   3.551                       102.35398
                   3.554                       101.09111
                   3.557                       99.795612
                    3.56                       98.466903
                   3.563                       97.104413
                   3.566                       95.707566
                   3.569                       94.275805
                   3.572                       92.808597
                   3.575                       91.305444
                   3.578                       89.765902
                   3.581                       88.189588
                   3.584                       86.576199
                   3.587                       84.925523
                    3.59                       83.237458
                   3.593                       81.512025
                   3.596                       79.749385
                   3.599                       77.949859
                   3.602                       76.113935
                   3.605                       74.242291
                   3.608                       72.335805
                   3.611                       70.395563
                   3.614                       68.422876
                   3.617                       66.419279
                    3.62                       64.386536
                   3.623                       62.326642
                   3.626                       60.241813
                   3.629                       58.134479
                   3.632                       56.007269
                   3.635                       53.862989
                   3.638                       51.704603
                   3.641                       49.535204
                   3.644                       47.357979
                   3.647                        45.17618
                    3.65                       42.993087
                   3.653                       40.811971
                   3.656                       38.636056
                   3.659                       36.468489
                   3.662                       34.312302
                   3.665                       32.170385
                   3.668                        30.04546
                   3.671                       27.940055
                   3.674                       25.856491
                   3.677                       23.796867
                    3.68                       21.763051
                   3.683                       19.756678
                   3.686                       17.779148
                   3.689                       15.831633
                   3.692                       13.915078
                   3.695                       12.030218
                   3.698                       10.177586
                   3.701                       8.3575265
                   3.704                       6.5702098
                   3.707                       4.8156486
                    3.71                       3.0937125
                   3.713                       1.4041433
                   3.716                     -0.25342989
                   3.719                      -1.8794761
                   3.722                      -3.4745491
                   3.725                      -5.0392747
                   3.728                      -6.5743387
                   3.731                      -8.0804762
                   3.734                      -9.5584617
                   3.737                      -11.009101
                    3.74                      -12.433221
                   3.743                      -13.831666
                   3.746                       -15.20529
                   3.749                       -16.55495
                   3.752                      -17.881505
                   3.755                      -19.185808
                   3.758                      -20.468706
                   3.761                      -21.731036
                   3.764                      -22.973622
                   3.767                      -24.197276
                    3.77                      -25.402792
                   3.773                      -26.590949
                   3.776                       -27.76251
                   3.779                      -28.918218
                   3.782                      -30.058802
                   3.785                      -31.184969
                   3.788                       -32.29741
                   3.791                        -33.3968
                   3.794                      -34.483794
                   3.797                      -35.559034
                     3.8                      -36.623142
                   3.803                      -37.676728
                   3.806                      -38.720385
                   3.809                      -39.754694
                   3.812                      -40.780221
                   3.815                      -41.797522
                   3.818                      -42.807141
                   3.821                       -43.80961
                   3.824                      -44.805455
                   3.827                      -45.795189
                    3.83                      -46.779323
                   3.833                      -47.758357
                   3.836                      -48.732789
                   3.839                      -49.703112
                   3.842                      -50.669814
                   3.845                      -51.633385
                   3.848                      -52.594311
                   3.851                      -53.553082
                   3.854                      -54.510186
                   3.857                      -55.466119
                    3.86                      -56.421377
                   3.863                      -57.376467
                   3.866                      -58.331902
                   3.869                      -59.288204
                   3.872                      -60.245907
                   3.875                       -61.20556
                   3.878                      -62.167725
                   3.881                      -63.132984
                   3.884                      -64.101939
                   3.887                      -65.075212
                    3.89                      -66.053454
                   3.893                      -67.037343
                   3.896                      -68.027588
                   3.899                      -69.024936
                   3.902                      -70.030173
                   3.905                      -71.044126
                   3.908                      -72.067673
                   3.911                      -73.101747
                   3.914                      -74.147338
                   3.917                      -75.205505
                    3.92                      -76.277379
                   3.923                      -77.364171
                   3.926                      -78.467185
                   3.929                      -79.587823
                   3.932                      -80.727598
                   3.935                      -81.888146
                   3.938                       -83.07124
                   3.941                      -84.278804
                   3.944                      -85.512931
                   3.947                      -86.775901
                    3.95                      -88.070202
                   3.953                      -89.398554
                   3.956                      -90.763934
                   3.959                      -92.169604
                   3.962                      -93.619145
                   3.965                      -95.116489
                   3.968                      -96.665956
                   3.971                      -98.272297
                   3.974                      -99.940733
                   3.977                        -101.677
                    3.98                       -103.4874
                   3.983                      -105.37881
                   3.986                      -107.35878
                   3.989                       -109.4355
                   3.992                      -111.61781
                   3.995                      -113.91523
                   3.998                      -116.33784
                   4.001                      -118.89621
                   4.004                      -121.60113
                   4.007                      -124.46342
                    4.01                      -127.49335
                   4.013                      -130.70017
                   4.016                       -134.0912
                   4.019                      -137.67091
                   4.022                      -141.43971
                   4.025                      -145.39268
                   4.028                      -149.51822
                   4.031                        -153.797
                   4.034                      -158.20118
                   4.037                      -162.69435
                    4.04                      -167.23208
                   4.043                      -171.76329
                   4.046                      -176.23195
                   4.049                       -180.579
                   4.052                       -184.724
                   4.055                       -188.656
                   4.058                       -192.248
                   4.061                       -195.425
                   4.064                       -198.057
                   4.067                       -199.316
                    4.07                       -200.359
                   4.073                       -199.074
                   4.076                       -195.501
                   4.079                      -188.966
                   4.082                      -119.28706
                   4.085                      -85.695276
                   4.088                     -74.694612
                   4.091                       -70.81912
                   4.094                       -69.56094
                   4.097                       -69.47328
                     4.1                      -69.977867
                   4.103                       -70.80467
                   4.106                      -71.813366
                   4.109                      -72.925355
                   4.112                      -74.094213
                   4.115                      -75.291478
                   4.118                      -76.499263
                   4.121                      -77.706171
                   4.124                      -78.904915
                   4.127                      -80.090879
                    4.13                      -81.261218
                   4.133                      -82.414271
                   4.136                      -83.549184
                   4.139                      -84.665651
                   4.142                      -85.763736
                   4.145                      -86.843752
                   4.148                       -87.90618
                   4.151                      -88.951607
                   4.154                      -89.980684
                   4.157                      -90.994096
                    4.16                      -91.992545
                   4.163                      -92.976728
                   4.166                      -93.947335
                   4.169                      -94.905037
                   4.172                      -95.850484
                   4.175                        -96.7843
                   4.178                      -97.707084
                   4.181                      -98.619407
                   4.184                      -99.521813
                   4.187                      -100.41482
                    4.19                      -101.29892
                   4.193                      -102.17457
                   4.196                      -103.04222
                   4.199                       -103.9023
                   4.202                      -104.75518
                   4.205                      -105.60126
                   4.208                      -106.44089
                   4.211                       -107.2744
                   4.214                      -108.10212
                   4.217                      -108.92435
                    4.22                      -109.74137
                   4.223                      -110.55348
                   4.226                      -111.36091
                   4.229                      -112.16392
                   4.232                      -112.96276
                   4.235                      -113.75763
                   4.238                      -114.54876
                   4.241                      -115.33634
                   4.244                      -116.12058
                   4.247                      -116.90166
                    4.25                      -117.67976
                   4.253                      -118.45504
                   4.256                      -119.22768
                   4.259                      -119.99782
                   4.262                      -120.76561
                   4.265                      -121.53121
                   4.268                      -122.29474
                   4.271                      -123.05635
                   4.274                      -123.81615
                   4.277                      -124.57427
                    4.28                      -125.33084
                   4.283                      -126.08597
                   4.286                      -126.83976
                   4.289                      -127.59233
                   4.292                      -128.34377
                   4.295                       -129.0942
                   4.298                      -129.84372
                   4.301                       -130.5924
                   4.304                      -131.34036
                   4.307                      -132.08768
                    4.31                      -132.83445
                   4.313                      -133.58076
                   4.316                      -134.32668
                   4.319                      -135.07232
                   4.322                      -135.81774
                   4.325                      -136.56302
                   4.328                      -137.30826
                   4.331                      -138.05351
                   4.334                      -138.79887
                   4.337                      -139.54441
                    4.34                      -140.29019
                   4.343                       -141.0363
                   4.346                      -141.78281
                   4.349                      -142.52979
                   4.352                      -143.27732
                   4.355                      -144.02546
                   4.358                      -144.77429
                   4.361                      -145.52389
                   4.364                      -146.27431
                   4.367                      -147.02564
                    4.37                      -147.77794
                   4.373                      -148.53129
                   4.376                      -149.28576
                   4.379                      -150.04142
                   4.382                      -150.79835
                   4.385                      -151.55662
                   4.388                       -152.3163
                   4.391                      -153.07746
                   4.394                       -153.8402
                   4.397                      -154.60457
                     4.4                      -155.37066
                   4.403                      -156.13855
                   4.406                      -156.90831
                   4.409                      -157.68004
                   4.412                       -158.4538
                   4.415                      -159.22969
                   4.418                      -160.00779
                   4.421                      -160.78818
                   4.424                      -161.57096
                   4.427                      -162.35622
                    4.43                      -163.14404
                   4.433                      -163.93454
                   4.436                      -164.72779
                   4.439                       -165.5239
                   4.442                      -166.32298
                   4.445                      -167.12512
                   4.448                      -167.93043
                   4.451                      -168.73903
                   4.454                      -169.55103
                   4.457                      -170.36654
                    4.46                      -171.18568
                   4.463                      -172.00858
                   4.466                      -172.83536
                   4.469                      -173.66615
                   4.472                      -174.50109
                   4.475                      -175.34031
                   4.478                      -176.18396
                   4.481                      -177.03219
                   4.484                      -177.88514
                   4.487                      -178.74298
                    4.49                      -179.60586
                   4.493                       179.52604
                   4.496                       178.65255
                   4.499                       177.77349
                   4.502                       176.88868
                   4.505                       175.99793
                   4.508                       175.10102
                   4.511                       174.19777
                   4.514                       173.28795
                   4.517                       172.37134
                    4.52                       171.44772
                   4.523                       170.51684
                   4.526                       169.57846
                   4.529                       168.63232
                   4.532                       167.67816
                   4.535                       166.71569
                   4.538                       165.74465
                   4.541                       164.76472
                   4.544                        163.7756
                   4.547                       162.77697
                    4.55                       161.76849
                   4.553                       160.74983
                   4.556                       159.72063
                   4.559                       158.68051
                   4.562                       157.62908
                   4.565                       156.56596
                   4.568                       155.49071
                   4.571                       154.40292
                   4.574                       153.30214
                   4.577                       152.18789
                    4.58                       151.05971
                   4.583                        149.9171
                   4.586                       148.75954
                   4.589                        147.5865
                   4.592                       146.39742
                   4.595                       145.19176
                   4.598                        143.9689
                   4.601                       142.72826
                   4.604                       141.46922
                   4.607                       140.19112
                    4.61                       138.89332
                   4.613                       137.57515
                   4.616                       136.23591
                   4.619                       134.87491
                   4.622                       133.49144
                   4.625                       132.08478
                   4.628                       130.65418
                   4.631                       129.19893
                   4.634                       127.71828
                   4.637                       126.21151
                    4.64                       124.67788
                   4.643                       123.11668
                   4.646                       121.52722
                   4.649                       119.90882
                   4.652                       118.26085
                   4.655                        116.5827
                   4.658                       114.87383
                   4.661                       113.13375
                   4.664                       111.36203
                   4.667                       109.55834
                    4.67                       107.72244
                   4.673                       105.85418
                   4.676                       103.95354
                   4.679                       102.02065
                   4.682                       100.05576
                   4.685                       98.059304
                   4.688                       96.031864
                   4.691                       93.974227
                   4.694                       91.887367
                   4.697                       89.772466
                     4.7                       87.630915
                   4.703                       85.464321
                   4.706                       83.274505
                   4.709                       81.063507
                   4.712                       78.833571
                   4.715                       76.587145
                   4.718                       74.326861
                   4.721                       72.055526
                   4.724                       69.776094
                   4.727                       67.491654
                    4.73                       65.205399
                   4.733                       62.920602
                   4.736                       60.640595
                   4.739                       58.368735
                   4.742                       56.108389
                   4.745                       53.862906
                   4.748                       51.635603
                   4.751                       49.429749
                   4.754                       47.248558
                   4.757                       45.095185
                    4.76                       42.972732
                   4.763                       40.884261
                   4.766                       38.832816
                   4.769                       36.821454
                   4.772                       34.853289
                   4.775                       32.931552
                   4.778                        31.05966
                   4.781                       29.241319
                   4.784                       27.480637
                   4.787                       25.782283
                    4.79                       24.151687
                   4.793                       22.595296
                   4.796                       21.120922
                   4.799                       19.738197
                   4.802                       18.459209
                   4.805                       17.299367
                   4.808                       16.278644
                   4.811                        15.42336
                   4.814                        14.76883
                   4.817                       14.363369
                    4.82                       14.274512
                   4.823                       14.598925
                   4.826                       15.478578
                   4.829                       17.127638
                   4.832                       19.877152
                   4.835                       24.245534
                   4.838                       31.025767
                   4.841                       41.276143
                   4.844                        55.76534
                   4.847                       73.345067
                    4.85                       90.282803
                   4.853                       103.46589
                   4.856                       112.54176
                   4.859                       118.49112
                   4.862                       122.30847
                   4.865                       124.69202
                   4.868                       126.09054
                   4.871                       126.78942
                   4.874                       126.97249
                   4.877                        126.7601
                    4.88                       126.23176
                   4.883                       125.43965
                   4.886                       124.41659
                   4.889                       123.18071
                   4.892                       121.73777
                   4.895                       120.08185
                   4.898                       118.19427
                   4.901                       116.04047
                   4.904                       113.56376
                   4.907                       110.67325
                    4.91                       107.22045
                   4.913                       102.95007
                   4.916                       97.386339
                   4.919                        89.53175
                   4.922                       76.928016
                   4.925                       52.481885
                   4.928                        3.919732
                   4.931                      -42.133213
                   4.934                      -68.539423
                   4.937                      -89.415715
                    4.94                       -112.2006
                   4.943                      -138.63608
                   4.946                      -164.25787
                   4.949                       175.92251
                   4.952                       162.02306
                   4.955                       152.18017
                   4.958                       144.87407
                   4.961                       139.16971
                   4.964                       134.51362
                   4.967                       130.57037
                    4.97                       127.12866
                   4.973                       124.04996
                   4.976                       121.24006
                   4.979                       118.63276
                   4.982                       116.18015
                   4.985                       113.84662
                   4.988                        111.6051
                   4.991                       109.43454
                   4.994                       107.31824
                   4.997                       105.24268
                       5                       103.19674

