        Frequency / GHz                SZmin(2),Zmax(1) (31)/abs,dB
----------------------------------------------------------------------
                       2                      -37.197661
                   2.003                      -37.146703
                   2.006                      -37.095569
                   2.009                      -37.044256
                   2.012                      -36.992764
                   2.015                      -36.941091
                   2.018                      -36.889237
                   2.021                        -36.8372
                   2.024                       -36.78498
                   2.027                      -36.732575
                    2.03                      -36.679983
                   2.033                      -36.627205
                   2.036                      -36.574238
                   2.039                      -36.521081
                   2.042                      -36.467734
                   2.045                      -36.414194
                   2.048                      -36.360461
                   2.051                      -36.306534
                   2.054                      -36.252411
                   2.057                       -36.19809
                    2.06                      -36.143571
                   2.063                      -36.088853
                   2.066                      -36.033933
                   2.069                      -35.978811
                   2.072                      -35.923484
                   2.075                      -35.867953
                   2.078                      -35.812215
                   2.081                      -35.756269
                   2.084                      -35.700114
                   2.087                      -35.643748
                    2.09                      -35.587169
                   2.093                      -35.530376
                   2.096                      -35.473368
                   2.099                      -35.416144
                   2.102                        -35.3587
                   2.105                      -35.301037
                   2.108                      -35.243153
                   2.111                      -35.185045
                   2.114                      -35.126712
                   2.117                      -35.068153
                    2.12                      -35.009367
                   2.123                       -34.95035
                   2.126                      -34.891102
                   2.129                      -34.831621
                   2.132                      -34.771906
                   2.135                      -34.711954
                   2.138                      -34.651763
                   2.141                      -34.591333
                   2.144                      -34.530661
                   2.147                      -34.469745
                    2.15                      -34.408584
                   2.153                      -34.347175
                   2.156                      -34.285518
                   2.159                      -34.223609
                   2.162                      -34.161447
                   2.165                       -34.09903
                   2.168                      -34.036356
                   2.171                      -33.973423
                   2.174                      -33.910229
                   2.177                      -33.846772
                    2.18                       -33.78305
                   2.183                      -33.719061
                   2.186                      -33.654803
                   2.189                      -33.590273
                   2.192                       -33.52547
                   2.195                      -33.460391
                   2.198                      -33.395035
                   2.201                      -33.329398
                   2.204                      -33.263478
                   2.207                      -33.197274
                    2.21                      -33.130783
                   2.213                      -33.064003
                   2.216                      -32.996931
                   2.219                      -32.929565
                   2.222                      -32.861903
                   2.225                      -32.793941
                   2.228                      -32.725679
                   2.231                      -32.657112
                   2.234                      -32.588239
                   2.237                      -32.519057
                    2.24                      -32.449564
                   2.243                      -32.379756
                   2.246                      -32.309632
                   2.249                      -32.239188
                   2.252                      -32.168423
                   2.255                      -32.097332
                   2.258                      -32.025914
                   2.261                      -31.954165
                   2.264                      -31.882083
                   2.267                      -31.809665
                    2.27                      -31.736909
                   2.273                       -31.66381
                   2.276                      -31.590366
                   2.279                      -31.516575
                   2.282                      -31.442432
                   2.285                      -31.367936
                   2.288                      -31.293082
                   2.291                      -31.217869
                   2.294                      -31.142292
                   2.297                      -31.066349
                     2.3                      -30.990036
                   2.303                      -30.913349
                   2.306                      -30.836287
                   2.309                      -30.758844
                   2.312                      -30.681019
                   2.315                      -30.602807
                   2.318                      -30.524205
                   2.321                      -30.445209
                   2.324                      -30.365816
                   2.327                      -30.286023
                    2.33                      -30.205825
                   2.333                      -30.125219
                   2.336                      -30.044201
                   2.339                      -29.962767
                   2.342                      -29.880915
                   2.345                      -29.798638
                   2.348                      -29.715935
                   2.351                      -29.632801
                   2.354                      -29.549231
                   2.357                      -29.465222
                    2.36                       -29.38077
                   2.363                       -29.29587
                   2.366                      -29.210518
                   2.369                       -29.12471
                   2.372                      -29.038443
                   2.375                       -28.95171
                   2.378                      -28.864508
                   2.381                      -28.776833
                   2.384                      -28.688679
                   2.387                      -28.600043
                    2.39                       -28.51092
                   2.393                      -28.421304
                   2.396                      -28.331191
                   2.399                      -28.240577
                   2.402                      -28.149457
                   2.405                      -28.057825
                   2.408                      -27.965676
                   2.411                      -27.873006
                   2.414                      -27.779809
                   2.417                       -27.68608
                    2.42                      -27.591814
                   2.423                      -27.497006
                   2.426                       -27.40165
                   2.429                       -27.30574
                   2.432                      -27.209272
                   2.435                       -27.11224
                   2.438                      -27.014637
                   2.441                      -26.916459
                   2.444                      -26.817699
                   2.447                      -26.718351
                    2.45                      -26.618411
                   2.453                      -26.517871
                   2.456                      -26.416725
                   2.459                      -26.314968
                   2.462                      -26.212594
                   2.465                      -26.109595
                   2.468                      -26.005966
                   2.471                        -25.9017
                   2.474                      -25.796791
                   2.477                      -25.691233
                    2.48                      -25.585017
                   2.483                      -25.478139
                   2.486                      -25.370591
                   2.489                      -25.262366
                   2.492                      -25.153458
                   2.495                      -25.043859
                   2.498                      -24.933563
                   2.501                      -24.822563
                   2.504                      -24.710851
                   2.507                       -24.59842
                    2.51                      -24.485263
                   2.513                      -24.371373
                   2.516                      -24.256743
                   2.519                      -24.141365
                   2.522                      -24.025232
                   2.525                      -23.908337
                   2.528                      -23.790672
                   2.531                       -23.67223
                   2.534                      -23.553004
                   2.537                      -23.432986
                    2.54                      -23.312168
                   2.543                      -23.190545
                   2.546                      -23.068108
                   2.549                      -22.944849
                   2.552                      -22.820763
                   2.555                      -22.695842
                   2.558                      -22.570079
                   2.561                      -22.443468
                   2.564                      -22.316001
                   2.567                      -22.187672
                    2.57                      -22.058475
                   2.573                      -21.928404
                   2.576                      -21.797453
                   2.579                      -21.665616
                   2.582                      -21.532888
                   2.585                      -21.399265
                   2.588                      -21.264741
                   2.591                      -21.129313
                   2.594                      -20.992977
                   2.597                       -20.85573
                     2.6                       -20.71757
                   2.603                      -20.578494
                   2.606                      -20.438502
                   2.609                      -20.297593
                   2.612                      -20.155769
                   2.615                      -20.013029
                   2.618                      -19.869378
                   2.621                      -19.724818
                   2.624                      -19.579355
                   2.627                      -19.432994
                    2.63                      -19.285743
                   2.633                      -19.137613
                   2.636                      -18.988613
                   2.639                      -18.838757
                   2.642                      -18.688059
                   2.645                      -18.536537
                   2.648                      -18.384211
                   2.651                      -18.231103
                   2.654                      -18.077237
                   2.657                      -17.922642
                    2.66                       -17.76735
                   2.663                      -17.611394
                   2.666                      -17.454814
                   2.669                      -17.297653
                   2.672                      -17.139958
                   2.675                       -16.98178
                   2.678                      -16.823177
                   2.681                       -16.66421
                   2.684                      -16.504948
                   2.687                      -16.345465
                    2.69                       -16.18584
                   2.693                      -16.026161
                   2.696                      -15.866523
                   2.699                      -15.707027
                   2.702                      -15.547782
                   2.705                      -15.388908
                   2.708                      -15.230529
                   2.711                      -15.072782
                   2.714                      -14.915811
                   2.717                      -14.759769
                    2.72                      -14.604819
                   2.723                      -14.451135
                   2.726                      -14.298897
                   2.729                      -14.148298
                   2.732                      -13.999538
                   2.735                      -13.852826
                   2.738                       -13.70838
                   2.741                      -13.566425
                   2.744                      -13.427193
                   2.747                      -13.290923
                    2.75                      -13.157855
                   2.753                      -13.028237
                   2.756                      -12.902316
                   2.759                      -12.780338
                   2.762                       -12.66255
                   2.765                      -12.549192
                   2.768                      -12.440499
                   2.771                      -12.336698
                   2.774                      -12.238004
                   2.777                      -12.144619
                    2.78                      -12.056729
                   2.783                      -11.974502
                   2.786                      -11.898087
                   2.789                      -11.827608
                   2.792                      -11.763169
                   2.795                      -11.704846
                   2.798                      -11.652689
                   2.801                      -11.606722
                   2.804                      -11.566941
                   2.807                      -11.533316
                    2.81                      -11.505787
                   2.813                      -11.484272
                   2.816                       -11.46866
                   2.819                       -11.45882
                   2.822                      -11.454599
                   2.825                      -11.455822
                   2.828                        -11.4623
                   2.831                      -11.473826
                   2.834                      -11.490183
                   2.837                      -11.511142
                    2.84                      -11.536466
                   2.843                      -11.565913
                   2.846                      -11.599239
                   2.849                      -11.636195
                   2.852                      -11.676535
                   2.855                      -11.720016
                   2.858                      -11.766396
                   2.861                      -11.815441
                   2.864                       -11.86692
                   2.867                      -11.920611
                    2.87                        -11.9763
                   2.873                       -12.03378
                   2.876                      -12.092854
                   2.879                      -12.153335
                   2.882                      -12.215043
                   2.885                       -12.27781
                   2.888                      -12.341476
                   2.891                      -12.405891
                   2.894                      -12.470913
                   2.897                      -12.536412
                     2.9                      -12.602262
                   2.903                       -12.66835
                   2.906                      -12.734569
                   2.909                      -12.800819
                   2.912                       -12.86701
                   2.915                      -12.933056
                   2.918                       -12.99888
                   2.921                      -13.064409
                   2.924                      -13.129579
                   2.927                      -13.194329
                    2.93                      -13.258604
                   2.933                      -13.322354
                   2.936                      -13.385534
                   2.939                      -13.448103
                   2.942                      -13.510023
                   2.945                       -13.57126
                   2.948                      -13.631786
                   2.951                      -13.691572
                   2.954                      -13.750596
                   2.957                      -13.808835
                    2.96                      -13.866272
                   2.963                       -13.92289
                   2.966                      -13.978675
                   2.969                      -14.033614
                   2.972                      -14.087698
                   2.975                      -14.140917
                   2.978                      -14.193265
                   2.981                      -14.244736
                   2.984                      -14.295326
                   2.987                      -14.345031
                    2.99                      -14.393848
                   2.993                      -14.441778
                   2.996                       -14.48882
                   2.999                      -14.534974
                   3.002                      -14.580241
                   3.005                      -14.624624
                   3.008                      -14.668125
                   3.011                      -14.710748
                   3.014                      -14.752496
                   3.017                      -14.793372
                    3.02                      -14.833382
                   3.023                      -14.872531
                   3.026                      -14.910823
                   3.029                      -14.948265
                   3.032                      -14.984861
                   3.035                      -15.020617
                   3.038                       -15.05554
                   3.041                      -15.089637
                   3.044                      -15.122912
                   3.047                      -15.155374
                    3.05                      -15.187028
                   3.053                      -15.217881
                   3.056                       -15.24794
                   3.059                      -15.277212
                   3.062                      -15.305704
                   3.065                      -15.333421
                   3.068                      -15.360372
                   3.071                      -15.386563
                   3.074                      -15.412001
                   3.077                      -15.436692
                    3.08                      -15.460644
                   3.083                      -15.483863
                   3.086                      -15.506356
                   3.089                      -15.528129
                   3.092                      -15.549189
                   3.095                      -15.569542
                   3.098                      -15.589195
                   3.101                      -15.608155
                   3.104                      -15.626427
                   3.107                      -15.644018
                    3.11                      -15.660934
                   3.113                       -15.67718
                   3.116                      -15.692763
                   3.119                      -15.707689
                   3.122                      -15.721963
                   3.125                      -15.735592
                   3.128                       -15.74858
                   3.131                      -15.760933
                   3.134                      -15.772656
                   3.137                      -15.783756
                    3.14                      -15.794236
                   3.143                      -15.804102
                   3.146                       -15.81336
                   3.149                      -15.822013
                   3.152                      -15.830067
                   3.155                      -15.837526
                   3.158                      -15.844395
                   3.161                      -15.850678
                   3.164                      -15.856381
                   3.167                      -15.861506
                    3.17                      -15.866059
                   3.173                      -15.870043
                   3.176                      -15.873462
                   3.179                       -15.87632
                   3.182                      -15.878622
                   3.185                       -15.88037
                   3.188                      -15.881568
                   3.191                       -15.88222
                   3.194                      -15.882328
                   3.197                      -15.881897
                     3.2                       -15.88093
                   3.203                      -15.879429
                   3.206                      -15.877398
                   3.209                      -15.874839
                   3.212                      -15.871755
                   3.215                       -15.86815
                   3.218                      -15.864024
                   3.221                      -15.859382
                   3.224                      -15.854225
                   3.227                      -15.848556
                    3.23                      -15.842376
                   3.233                      -15.835689
                   3.236                      -15.828495
                   3.239                      -15.820798
                   3.242                      -15.812598
                   3.245                      -15.803897
                   3.248                      -15.794698
                   3.251                      -15.785001
                   3.254                      -15.774808
                   3.257                       -15.76412
                    3.26                      -15.752939
                   3.263                      -15.741265
                   3.266                        -15.7291
                   3.269                      -15.716445
                   3.272                        -15.7033
                   3.275                      -15.689666
                   3.278                      -15.675544
                   3.281                      -15.660934
                   3.284                      -15.645837
                   3.287                      -15.630253
                    3.29                      -15.614183
                   3.293                      -15.597626
                   3.296                      -15.580582
                   3.299                      -15.563052
                   3.302                      -15.545035
                   3.305                      -15.526531
                   3.308                      -15.507539
                   3.311                      -15.488059
                   3.314                      -15.468091
                   3.317                      -15.447633
                    3.32                      -15.426685
                   3.323                      -15.405246
                   3.326                      -15.383315
                   3.329                       -15.36089
                   3.332                      -15.337971
                   3.335                      -15.314555
                   3.338                      -15.290642
                   3.341                       -15.26623
                   3.344                      -15.241316
                   3.347                        -15.2159
                    3.35                      -15.189979
                   3.353                       -15.16355
                   3.356                      -15.136612
                   3.359                      -15.109163
                   3.362                      -15.081199
                   3.365                      -15.052718
                   3.368                      -15.023717
                   3.371                      -14.994194
                   3.374                      -14.964144
                   3.377                      -14.933566
                    3.38                      -14.902455
                   3.383                      -14.870809
                   3.386                      -14.838622
                   3.389                      -14.805892
                   3.392                      -14.772615
                   3.395                      -14.738787
                   3.398                      -14.704402
                   3.401                      -14.669458
                   3.404                      -14.633948
                   3.407                      -14.597869
                    3.41                      -14.561215
                   3.413                      -14.523982
                   3.416                      -14.486164
                   3.419                      -14.447755
                   3.422                       -14.40875
                   3.425                      -14.369144
                   3.428                       -14.32893
                   3.431                      -14.288102
                   3.434                      -14.246653
                   3.437                      -14.204578
                    3.44                      -14.161869
                   3.443                      -14.118519
                   3.446                      -14.074522
                   3.449                       -14.02987
                   3.452                      -13.984556
                   3.455                      -13.938572
                   3.458                      -13.891909
                   3.461                      -13.844561
                   3.464                      -13.796518
                   3.467                      -13.747773
                    3.47                      -13.698316
                   3.473                      -13.648139
                   3.476                      -13.597232
                   3.479                      -13.545588
                   3.482                      -13.493195
                   3.485                      -13.440045
                   3.488                      -13.386129
                   3.491                      -13.331435
                   3.494                      -13.275954
                   3.497                      -13.219677
                     3.5                      -13.162592
                   3.503                      -13.104689
                   3.506                      -13.045959
                   3.509                       -12.98639
                   3.512                      -12.925972
                   3.515                      -12.864694
                   3.518                      -12.802545
                   3.521                      -12.739516
                   3.524                      -12.675595
                   3.527                      -12.610773
                    3.53                      -12.545039
                   3.533                      -12.478382
                   3.536                      -12.410794
                   3.539                      -12.342264
                   3.542                      -12.272784
                   3.545                      -12.202345
                   3.548                      -12.130938
                   3.551                      -12.058557
                   3.554                      -11.985194
                   3.557                      -11.910844
                    3.56                      -11.835501
                   3.563                      -11.759162
                   3.566                      -11.681825
                   3.569                      -11.603487
                   3.572                       -11.52415
                   3.575                      -11.443815
                   3.578                      -11.362487
                   3.581                      -11.280172
                   3.584                       -11.19688
                   3.587                      -11.112622
                    3.59                      -11.027414
                   3.593                      -10.941274
                   3.596                      -10.854225
                   3.599                      -10.766293
                   3.602                      -10.677511
                   3.605                      -10.587914
                   3.608                      -10.497547
                   3.611                      -10.406458
                   3.614                      -10.314704
                   3.617                      -10.222348
                    3.62                      -10.129463
                   3.623                      -10.036131
                   3.626                      -9.9424422
                   3.629                      -9.8485002
                   3.632                      -9.7544188
                   3.635                      -9.6603248
                   3.638                      -9.5663583
                   3.641                      -9.4726743
                   3.644                      -9.3794429
                   3.647                      -9.2868506
                    3.65                      -9.1951012
                   3.653                      -9.1044163
                   3.656                      -9.0150362
                   3.659                      -8.9272204
                   3.662                      -8.8412481
                   3.665                      -8.7574179
                   3.668                      -8.6760479
                   3.671                      -8.5974754
                   3.674                      -8.5220556
                   3.677                      -8.4501605
                    3.68                      -8.3821769
                   3.683                      -8.3185044
                   3.686                      -8.2595518
                   3.689                       -8.205734
                   3.692                      -8.1574677
                   3.695                      -8.1151665
                   3.698                      -8.0792357
                   3.701                      -8.0500666
                   3.704                      -8.0280304
                   3.707                      -8.0134717
                    3.71                      -8.0067025
                   3.713                      -8.0079956
                   3.716                      -8.0175795
                   3.719                      -8.0356324
                   3.722                      -8.0622784
                   3.725                      -8.0975836
                   3.728                       -8.141554
                   3.731                      -8.1941343
                   3.734                      -8.2552078
                   3.737                      -8.3245978
                    3.74                      -8.4020703
                   3.743                       -8.487337
                   3.746                      -8.5800606
                   3.749                      -8.6798591
                   3.752                      -8.7863124
                   3.755                      -8.8989676
                   3.758                      -9.0173458
                   3.761                      -9.1409476
                   3.764                      -9.2692595
                   3.767                       -9.401759
                    3.77                      -9.5379201
                   3.773                      -9.6772171
                   3.776                      -9.8191293
                   3.779                      -9.9631437
                   3.782                      -10.108758
                   3.785                      -10.255483
                   3.788                      -10.402843
                   3.791                      -10.550379
                   3.794                      -10.697649
                   3.797                      -10.844227
                     3.8                      -10.989702
                   3.803                      -11.133684
                   3.806                      -11.275797
                   3.809                       -11.41568
                   3.812                       -11.55299
                   3.815                      -11.687397
                   3.818                      -11.818587
                   3.821                      -11.946258
                   3.824                      -12.070121
                   3.827                      -12.189899
                    3.83                       -12.30533
                   3.833                      -12.416159
                   3.836                      -12.522145
                   3.839                      -12.623056
                   3.842                      -12.718672
                   3.845                      -12.808784
                   3.848                       -12.89319
                   3.851                      -12.971704
                   3.854                      -13.044146
                   3.857                      -13.110351
                    3.86                      -13.170165
                   3.863                      -13.223444
                   3.866                      -13.270061
                   3.869                      -13.309899
                   3.872                      -13.342859
                   3.875                      -13.368856
                   3.878                      -13.387822
                   3.881                      -13.399707
                   3.884                       -13.40448
                   3.887                      -13.402131
                    3.89                      -13.392669
                   3.893                      -13.376131
                   3.896                      -13.352573
                   3.899                       -13.32208
                   3.902                      -13.284764
                   3.905                      -13.240765
                   3.908                      -13.190253
                   3.911                       -13.13343
                   3.914                      -13.070531
                   3.917                      -13.001823
                    3.92                       -12.92761
                   3.923                       -12.84823
                   3.926                      -12.764058
                   3.929                      -12.675503
                   3.932                      -12.583013
                   3.935                      -12.487069
                   3.938                      -12.388187
                   3.941                      -12.286915
                   3.944                      -12.183829
                   3.947                      -12.079533
                    3.95                      -11.974652
                   3.953                      -11.869829
                   3.956                      -11.765717
                   3.959                      -11.662974
                   3.962                      -11.562255
                   3.965                      -11.464203
                   3.968                      -11.369443
                   3.971                       -11.27857
                   3.974                      -11.192143
                   3.977                      -11.110672
                    3.98                      -11.034618
                   3.983                      -10.964377
                   3.986                      -10.900281
                   3.989                      -10.842588
                   3.992                      -10.791484
                   3.995                      -10.747079
                   3.998                       -10.70941
                   4.001                       -10.67844
                   4.004                      -10.654066
                   4.007                      -10.636122
                    4.01                      -10.624384
                   4.013                      -10.618582
                   4.016                      -10.618404
                   4.019                      -10.623505
                   4.022                      -10.633517
                   4.025                      -10.648054
                   4.028                      -10.666719
                   4.031                      -10.689113
                   4.034                       -10.71484
                   4.037                      -10.743512
                    4.04                      -10.774751
                   4.043                      -10.808195
                   4.046                        -10.8435
                   4.049                      -10.880342
                   4.052                      -10.918418
                   4.055                      -10.957444
                   4.058                      -10.997163
                   4.061                      -11.037334
                   4.064                      -11.077741
                   4.067                      -11.118189
                    4.07                        -11.1585
                   4.073                      -11.198518
                   4.076                      -11.238101
                   4.079                      -11.277127
                   4.082                      -11.315488
                   4.085                      -11.353089
                   4.088                      -11.389851
                   4.091                      -11.425703
                   4.094                      -11.460588
                   4.097                      -11.494457
                     4.1                      -11.527272
                   4.103                      -11.559001
                   4.106                       -11.58962
                   4.109                      -11.619112
                   4.112                      -11.647463
                   4.115                      -11.674669
                   4.118                      -11.700725
                   4.121                      -11.725634
                   4.124                        -11.7494
                   4.127                      -11.772032
                    4.13                       -11.79354
                   4.133                      -11.813938
                   4.136                      -11.833239
                   4.139                      -11.851461
                   4.142                      -11.868621
                   4.145                      -11.884738
                   4.148                      -11.899832
                   4.151                      -11.913924
                   4.154                      -11.927035
                   4.157                      -11.939186
                    4.16                        -11.9504
                   4.163                      -11.960699
                   4.166                      -11.970104
                   4.169                      -11.978639
                   4.172                      -11.986326
                   4.175                      -11.993186
                   4.178                      -11.999242
                   4.181                      -12.004515
                   4.184                      -12.009026
                   4.187                      -12.012798
                    4.19                       -12.01585
                   4.193                      -12.018203
                   4.196                      -12.019877
                   4.199                      -12.020891
                   4.202                      -12.021265
                   4.205                      -12.021018
                   4.208                      -12.020168
                   4.211                      -12.018733
                   4.214                       -12.01673
                   4.217                      -12.014177
                    4.22                      -12.011089
                   4.223                      -12.007483
                   4.226                      -12.003376
                   4.229                      -11.998781
                   4.232                      -11.993714
                   4.235                       -11.98819
                   4.238                      -11.982222
                   4.241                      -11.975824
                   4.244                      -11.969009
                   4.247                       -11.96179
                    4.25                       -11.95418
                   4.253                       -11.94619
                   4.256                      -11.937832
                   4.259                      -11.929118
                   4.262                      -11.920059
                   4.265                      -11.910664
                   4.268                      -11.900945
                   4.271                      -11.890911
                   4.274                      -11.880572
                   4.277                      -11.869937
                    4.28                      -11.859016
                   4.283                      -11.847816
                   4.286                      -11.836347
                   4.289                      -11.824616
                   4.292                      -11.812632
                   4.295                      -11.800402
                   4.298                      -11.787933
                   4.301                      -11.775233
                   4.304                      -11.762308
                   4.307                      -11.749164
                    4.31                      -11.735809
                   4.313                      -11.722248
                   4.316                      -11.708488
                   4.319                      -11.694533
                   4.322                       -11.68039
                   4.325                      -11.666064
                   4.328                      -11.651559
                   4.331                      -11.636881
                   4.334                      -11.622034
                   4.337                      -11.607023
                    4.34                      -11.591852
                   4.343                      -11.576526
                   4.346                      -11.561047
                   4.349                      -11.545421
                   4.352                       -11.52965
                   4.355                      -11.513739
                   4.358                      -11.497689
                   4.361                      -11.481506
                   4.364                      -11.465191
                   4.367                      -11.448747
                    4.37                      -11.432178
                   4.373                      -11.415485
                   4.376                      -11.398672
                   4.379                      -11.381739
                   4.382                      -11.364691
                   4.385                      -11.347528
                   4.388                      -11.330253
                   4.391                      -11.312867
                   4.394                      -11.295372
                   4.397                      -11.277769
                     4.4                      -11.260061
                   4.403                      -11.242247
                   4.406                       -11.22433
                   4.409                      -11.206311
                   4.412                       -11.18819
                   4.415                      -11.169968
                   4.418                      -11.151646
                   4.421                      -11.133225
                   4.424                      -11.114705
                   4.427                      -11.096087
                    4.43                       -11.07737
                   4.433                      -11.058556
                   4.436                      -11.039644
                   4.439                      -11.020634
                   4.442                      -11.001527
                   4.445                      -10.982322
                   4.448                      -10.963019
                   4.451                      -10.943617
                   4.454                      -10.924117
                   4.457                      -10.904517
                    4.46                      -10.884817
                   4.463                      -10.865017
                   4.466                      -10.845116
                   4.469                      -10.825113
                   4.472                      -10.805007
                   4.475                      -10.784797
                   4.478                      -10.764482
                   4.481                      -10.744062
                   4.484                      -10.723535
                   4.487                      -10.702899
                    4.49                      -10.682155
                   4.493                        -10.6613
                   4.496                      -10.640333
                   4.499                      -10.619254
                   4.502                       -10.59806
                   4.505                      -10.576751
                   4.508                      -10.555325
                   4.511                      -10.533781
                   4.514                      -10.512117
                   4.517                      -10.490333
                    4.52                      -10.468427
                   4.523                      -10.446399
                   4.526                      -10.424246
                   4.529                      -10.401969
                   4.532                      -10.379566
                   4.535                      -10.357037
                   4.538                      -10.334381
                   4.541                      -10.311598
                   4.544                      -10.288687
                   4.547                       -10.26565
                    4.55                      -10.242487
                   4.553                      -10.219198
                   4.556                      -10.195784
                   4.559                      -10.172248
                   4.562                      -10.148591
                   4.565                      -10.124817
                   4.568                      -10.100927
                   4.571                      -10.076928
                   4.574                      -10.052823
                   4.577                      -10.028618
                    4.58                       -10.00432
                   4.583                      -9.9799368
                   4.586                      -9.9554776
                   4.589                      -9.9309529
                   4.592                      -9.9063747
                   4.595                      -9.8817568
                   4.598                      -9.8571152
                   4.601                      -9.8324677
                   4.604                      -9.8078347
                   4.607                      -9.7832394
                    4.61                      -9.7587079
                   4.613                      -9.7342697
                   4.616                      -9.7099581
                   4.619                      -9.6858107
                   4.622                      -9.6618695
                   4.625                       -9.638182
                   4.628                      -9.6148015
                   4.631                      -9.5917877
                   4.634                      -9.5692077
                   4.637                      -9.5471365
                    4.64                      -9.5256583
                   4.643                      -9.5048674
                   4.646                       -9.484869
                   4.649                      -9.4657812
                   4.652                      -9.4477357
                   4.655                      -9.4308797
                   4.658                      -9.4153778
                   4.661                      -9.4014133
                   4.664                      -9.3891911
                   4.667                      -9.3789392
                    4.67                      -9.3709119
                   4.673                      -9.3653919
                   4.676                      -9.3626934
                   4.679                      -9.3631656
                   4.682                      -9.3671955
                   4.685                      -9.3752116
                   4.688                      -9.3876875
                   4.691                      -9.4051457
                   4.694                      -9.4281611
                   4.697                      -9.4573651
                     4.7                      -9.4934484
                   4.703                      -9.5371648
                   4.706                      -9.5893336
                   4.709                      -9.6508415
                   4.712                       -9.722644
                   4.715                      -9.8057651
                   4.718                      -9.9012963
                   4.721                      -10.010394
                   4.724                      -10.134275
                   4.727                      -10.274211
                    4.73                      -10.431519
                   4.733                      -10.607556
                   4.736                      -10.803706
                   4.739                       -11.02137
                   4.742                      -11.261957
                   4.745                      -11.526875
                   4.748                      -11.817525
                   4.751                      -12.135298
                   4.754                       -12.48158
                   4.757                      -12.857761
                    4.76                      -13.265251
                   4.763                      -13.705516
                   4.766                       -14.18011
                   4.769                      -14.690733
                   4.772                      -15.239298
                   4.775                      -15.828022
                   4.778                      -16.459536
                   4.781                       -17.13703
                   4.784                      -17.864433
                   4.787                      -18.646657
                    4.79                       -19.48992
                   4.793                      -20.402182
                   4.796                      -21.393765
                   4.799                      -22.478232
                   4.802                      -23.673674
                   4.805                      -25.004602
                   4.808                      -26.504679
                   4.811                      -28.220263
                   4.814                      -30.212777
                   4.817                      -32.546842
                    4.82                      -35.193298
                   4.823                      -37.569385
                   4.826                      -37.979913
                   4.829                      -36.173323
                   4.832                      -33.885989
                   4.835                      -31.874016
                   4.838                      -30.208342
                   4.841                      -28.827758
                   4.844                      -27.667991
                   4.847                      -26.679562
                    4.85                      -25.826251
                   4.853                      -25.081504
                   4.856                      -24.425546
                   4.859                      -23.843379
                   4.862                       -23.32342
                   4.865                      -22.856571
                   4.868                      -22.435581
                   4.871                      -22.054598
                   4.874                      -21.708844
                   4.877                      -21.394385
                    4.88                      -21.107956
                   4.883                      -20.846833
                   4.886                      -20.608735
                   4.889                      -20.391752
                   4.892                      -20.194287
                   4.895                      -20.015016
                   4.898                      -19.852856
                   4.901                      -19.706944
                   4.904                      -19.576627
                   4.907                      -19.461456
                    4.91                      -19.361195
                   4.913                       -19.27584
                   4.916                      -19.205647
                   4.919                      -19.151194
                   4.922                      -19.113461
                   4.925                      -19.093961
                   4.928                      -19.094953
                   4.931                       -19.11977
                   4.934                      -19.173373
                   4.937                      -19.263306
                    4.94                      -19.401423
                   4.943                      -19.607247
                   4.946                      -19.914989
                   4.949                      -20.389793
                   4.952                      -21.170354
                   4.955                      -22.598623
                   4.958                      -25.593117
                   4.961                      -26.531381
                   4.964                      -17.911385
                   4.967                      -15.219611
                    4.97                      -15.260317
                   4.973                      -15.658736
                   4.976                      -16.022759
                   4.979                       -16.32219
                   4.982                      -16.571799
                   4.985                      -16.787296
                   4.988                      -16.980402
                   4.991                      -17.159456
                   4.994                      -17.330447
                   4.997                      -17.497808
                       5                      -17.664943

