        Frequency / GHz                SZmin(2),Zmax(1) (20)/abs,dB
----------------------------------------------------------------------
                       2                      -45.068708
                   2.003                      -45.054719
                   2.006                      -45.040658
                   2.009                      -45.026524
                   2.012                      -45.012317
                   2.015                      -44.998037
                   2.018                      -44.983681
                   2.021                      -44.969251
                   2.024                      -44.954745
                   2.027                      -44.940162
                    2.03                      -44.925501
                   2.033                      -44.910763
                   2.036                      -44.895946
                   2.039                      -44.881049
                   2.042                      -44.866072
                   2.045                      -44.851014
                   2.048                      -44.835875
                   2.051                      -44.820653
                   2.054                      -44.805348
                   2.057                      -44.789959
                    2.06                      -44.774486
                   2.063                      -44.758927
                   2.066                      -44.743283
                   2.069                      -44.727551
                   2.072                      -44.711732
                   2.075                      -44.695825
                   2.078                      -44.679828
                   2.081                      -44.663742
                   2.084                      -44.647566
                   2.087                      -44.631298
                    2.09                      -44.614938
                   2.093                      -44.598486
                   2.096                      -44.581939
                   2.099                      -44.565299
                   2.102                      -44.548564
                   2.105                      -44.531733
                   2.108                      -44.514805
                   2.111                       -44.49778
                   2.114                      -44.480657
                   2.117                      -44.463435
                    2.12                      -44.446114
                   2.123                      -44.428692
                   2.126                      -44.411169
                   2.129                      -44.393545
                   2.132                      -44.375818
                   2.135                      -44.357987
                   2.138                      -44.340053
                   2.141                      -44.322013
                   2.144                      -44.303868
                   2.147                      -44.285616
                    2.15                      -44.267258
                   2.153                      -44.248791
                   2.156                      -44.230216
                   2.159                      -44.211532
                   2.162                      -44.192737
                   2.165                      -44.173831
                   2.168                      -44.154814
                   2.171                      -44.135684
                   2.174                      -44.116441
                   2.177                      -44.097085
                    2.18                      -44.077613
                   2.183                      -44.058026
                   2.186                      -44.038323
                   2.189                      -44.018504
                   2.192                      -43.998566
                   2.195                       -43.97851
                   2.198                      -43.958335
                   2.201                      -43.938041
                   2.204                      -43.917625
                   2.207                      -43.897089
                    2.21                       -43.87643
                   2.213                      -43.855649
                   2.216                      -43.834744
                   2.219                      -43.813715
                   2.222                      -43.792561
                   2.225                      -43.771282
                   2.228                      -43.749876
                   2.231                      -43.728343
                   2.234                      -43.706683
                   2.237                      -43.684894
                    2.24                      -43.662976
                   2.243                      -43.640928
                   2.246                       -43.61875
                   2.249                      -43.596441
                   2.252                      -43.573999
                   2.255                      -43.551426
                   2.258                      -43.528719
                   2.261                      -43.505878
                   2.264                      -43.482903
                   2.267                      -43.459792
                    2.27                      -43.436546
                   2.273                      -43.413163
                   2.276                      -43.389643
                   2.279                      -43.365985
                   2.282                      -43.342189
                   2.285                      -43.318254
                   2.288                      -43.294179
                   2.291                      -43.269964
                   2.294                      -43.245608
                   2.297                      -43.221111
                     2.3                      -43.196471
                   2.303                      -43.171689
                   2.306                      -43.146763
                   2.309                      -43.121693
                   2.312                      -43.096479
                   2.315                       -43.07112
                   2.318                      -43.045615
                   2.321                      -43.019964
                   2.324                      -42.994167
                   2.327                      -42.968221
                    2.33                      -42.942128
                   2.333                      -42.915887
                   2.336                      -42.889497
                   2.339                      -42.862957
                   2.342                      -42.836267
                   2.345                      -42.809427
                   2.348                      -42.782435
                   2.351                      -42.755292
                   2.354                      -42.727997
                   2.357                      -42.700549
                    2.36                      -42.672948
                   2.363                      -42.645194
                   2.366                      -42.617286
                   2.369                      -42.589223
                   2.372                      -42.561005
                   2.375                      -42.532632
                   2.378                      -42.504103
                   2.381                      -42.475418
                   2.384                      -42.446576
                   2.387                      -42.417577
                    2.39                       -42.38842
                   2.393                      -42.359105
                   2.396                      -42.329632
                   2.399                           -42.3
                   2.402                      -42.270208
                   2.405                      -42.240257
                   2.408                      -42.210146
                   2.411                      -42.179875
                   2.414                      -42.149442
                   2.417                      -42.118849
                    2.42                      -42.088094
                   2.423                      -42.057178
                   2.426                      -42.026099
                   2.429                      -41.994857
                   2.432                      -41.963453
                   2.435                      -41.931885
                   2.438                      -41.900154
                   2.441                      -41.868259
                   2.444                        -41.8362
                   2.447                      -41.803977
                    2.45                      -41.771588
                   2.453                      -41.739035
                   2.456                      -41.706316
                   2.459                      -41.673432
                   2.462                      -41.640382
                   2.465                      -41.607166
                   2.468                      -41.573783
                   2.471                      -41.540234
                   2.474                      -41.506517
                   2.477                      -41.472634
                    2.48                      -41.438583
                   2.483                      -41.404365
                   2.486                      -41.369979
                   2.489                      -41.335424
                   2.492                      -41.300702
                   2.495                      -41.265811
                   2.498                      -41.230751
                   2.501                      -41.195522
                   2.504                      -41.160125
                   2.507                      -41.124558
                    2.51                      -41.088821
                   2.513                      -41.052915
                   2.516                       -41.01684
                   2.519                      -40.980594
                   2.522                      -40.944178
                   2.525                      -40.907592
                   2.528                      -40.870836
                   2.531                      -40.833909
                   2.534                      -40.796811
                   2.537                      -40.759542
                    2.54                      -40.722103
                   2.543                      -40.684492
                   2.546                       -40.64671
                   2.549                      -40.608757
                   2.552                      -40.570632
                   2.555                      -40.532336
                   2.558                      -40.493868
                   2.561                      -40.455228
                   2.564                      -40.416416
                   2.567                      -40.377432
                    2.57                      -40.338277
                   2.573                      -40.298949
                   2.576                      -40.259448
                   2.579                      -40.219776
                   2.582                       -40.17993
                   2.585                      -40.139913
                   2.588                      -40.099723
                   2.591                       -40.05936
                   2.594                      -40.018824
                   2.597                      -39.978115
                     2.6                      -39.937234
                   2.603                       -39.89618
                   2.606                      -39.854952
                   2.609                      -39.813552
                   2.612                      -39.771978
                   2.615                      -39.730231
                   2.618                      -39.688311
                   2.621                      -39.646218
                   2.624                      -39.603951
                   2.627                       -39.56151
                    2.63                      -39.518897
                   2.633                      -39.476109
                   2.636                      -39.433149
                   2.639                      -39.390014
                   2.642                      -39.346706
                   2.645                      -39.303224
                   2.648                      -39.259568
                   2.651                      -39.215739
                   2.654                      -39.171735
                   2.657                      -39.127558
                    2.66                      -39.083206
                   2.663                      -39.038681
                   2.666                      -38.993981
                   2.669                      -38.949108
                   2.672                       -38.90406
                   2.675                      -38.858838
                   2.678                      -38.813441
                   2.681                      -38.767871
                   2.684                      -38.722125
                   2.687                      -38.676206
                    2.69                      -38.630112
                   2.693                      -38.583843
                   2.696                      -38.537399
                   2.699                      -38.490781
                   2.702                      -38.443988
                   2.705                      -38.397021
                   2.708                      -38.349878
                   2.711                       -38.30256
                   2.714                      -38.255067
                   2.717                      -38.207399
                    2.72                      -38.159556
                   2.723                      -38.111538
                   2.726                      -38.063344
                   2.729                      -38.014974
                   2.732                      -37.966429
                   2.735                      -37.917708
                   2.738                      -37.868812
                   2.741                      -37.819739
                   2.744                      -37.770491
                   2.747                      -37.721066
                    2.75                      -37.671465
                   2.753                      -37.621688
                   2.756                      -37.571734
                   2.759                      -37.521603
                   2.762                      -37.471296
                   2.765                      -37.420812
                   2.768                      -37.370151
                   2.771                      -37.319312
                   2.774                      -37.268296
                   2.777                      -37.217103
                    2.78                      -37.165732
                   2.783                      -37.114183
                   2.786                      -37.062455
                   2.789                       -37.01055
                   2.792                      -36.958466
                   2.795                      -36.906204
                   2.798                      -36.853762
                   2.801                      -36.801142
                   2.804                      -36.748342
                   2.807                      -36.695363
                    2.81                      -36.642204
                   2.813                      -36.588865
                   2.816                      -36.535345
                   2.819                      -36.481646
                   2.822                      -36.427765
                   2.825                      -36.373703
                   2.828                      -36.319461
                   2.831                      -36.265036
                   2.834                       -36.21043
                   2.837                      -36.155641
                    2.84                       -36.10067
                   2.843                      -36.045516
                   2.846                      -35.990179
                   2.849                      -35.934659
                   2.852                      -35.878955
                   2.855                      -35.823066
                   2.858                      -35.766993
                   2.861                      -35.710735
                   2.864                      -35.654292
                   2.867                      -35.597663
                    2.87                      -35.540848
                   2.873                      -35.483846
                   2.876                      -35.426658
                   2.879                      -35.369282
                   2.882                      -35.311718
                   2.885                      -35.253966
                   2.888                      -35.196026
                   2.891                      -35.137896
                   2.894                      -35.079576
                   2.897                      -35.021066
                     2.9                      -34.962366
                   2.903                      -34.903474
                   2.906                      -34.844391
                   2.909                      -34.785115
                   2.912                      -34.725646
                   2.915                      -34.665984
                   2.918                      -34.606128
                   2.921                      -34.546078
                   2.924                      -34.485832
                   2.927                       -34.42539
                    2.93                      -34.364752
                   2.933                      -34.303917
                   2.936                      -34.242884
                   2.939                      -34.181652
                   2.942                      -34.120222
                   2.945                      -34.058591
                   2.948                       -33.99676
                   2.951                      -33.934728
                   2.954                      -33.872494
                   2.957                      -33.810057
                    2.96                      -33.747416
                   2.963                      -33.684571
                   2.966                      -33.621521
                   2.969                      -33.558264
                   2.972                      -33.494801
                   2.975                      -33.431131
                   2.978                      -33.367251
                   2.981                      -33.303163
                   2.984                      -33.238863
                   2.987                      -33.174353
                    2.99                       -33.10963
                   2.993                      -33.044695
                   2.996                      -32.979545
                   2.999                       -32.91418
                   3.002                      -32.848598
                   3.005                        -32.7828
                   3.008                      -32.716783
                   3.011                      -32.650547
                   3.014                      -32.584091
                   3.017                      -32.517413
                    3.02                      -32.450513
                   3.023                      -32.383388
                   3.026                      -32.316039
                   3.029                      -32.248464
                   3.032                      -32.180661
                   3.035                       -32.11263
                   3.038                      -32.044369
                   3.041                      -31.975876
                   3.044                      -31.907152
                   3.047                      -31.838193
                    3.05                         -31.769
                   3.053                      -31.699569
                   3.056                      -31.629902
                   3.059                      -31.559994
                   3.062                      -31.489846
                   3.065                      -31.419456
                   3.068                      -31.348822
                   3.071                      -31.277943
                   3.074                      -31.206818
                   3.077                      -31.135443
                    3.08                      -31.063819
                   3.083                      -30.991944
                   3.086                      -30.919815
                   3.089                      -30.847431
                   3.092                      -30.774791
                   3.095                      -30.701892
                   3.098                      -30.628733
                   3.101                      -30.555312
                   3.104                      -30.481627
                   3.107                      -30.407677
                    3.11                      -30.333459
                   3.113                      -30.258972
                   3.116                      -30.184213
                   3.119                      -30.109181
                   3.122                      -30.033873
                   3.125                      -29.958288
                   3.128                      -29.882423
                   3.131                      -29.806276
                   3.134                      -29.729846
                   3.137                      -29.653129
                    3.14                      -29.576124
                   3.143                      -29.498828
                   3.146                      -29.421239
                   3.149                      -29.343354
                   3.152                      -29.265172
                   3.155                       -29.18669
                   3.158                      -29.107904
                   3.161                      -29.028814
                   3.164                      -28.949415
                   3.167                      -28.869706
                    3.17                      -28.789684
                   3.173                      -28.709346
                   3.176                      -28.628689
                   3.179                      -28.547711
                   3.182                      -28.466409
                   3.185                      -28.384779
                   3.188                      -28.302819
                   3.191                      -28.220526
                   3.194                      -28.137897
                   3.197                      -28.054928
                     3.2                      -27.971617
                   3.203                      -27.887959
                   3.206                      -27.803953
                   3.209                      -27.719595
                   3.212                       -27.63488
                   3.215                      -27.549807
                   3.218                       -27.46437
                   3.221                      -27.378567
                   3.224                      -27.292394
                   3.227                      -27.205848
                    3.23                      -27.118924
                   3.233                      -27.031618
                   3.236                      -26.943927
                   3.239                      -26.855847
                   3.242                      -26.767374
                   3.245                      -26.678503
                   3.248                       -26.58923
                   3.251                      -26.499552
                   3.254                      -26.409463
                   3.257                      -26.318959
                    3.26                      -26.228036
                   3.263                      -26.136689
                   3.266                      -26.044914
                   3.269                      -25.952705
                   3.272                      -25.860058
                   3.275                      -25.766968
                   3.278                      -25.673429
                   3.281                      -25.579438
                   3.284                      -25.484987
                   3.287                      -25.390073
                    3.29                       -25.29469
                   3.293                      -25.198831
                   3.296                      -25.102492
                   3.299                      -25.005667
                   3.302                       -24.90835
                   3.305                      -24.810534
                   3.308                      -24.712215
                   3.311                      -24.613385
                   3.314                      -24.514038
                   3.317                      -24.414168
                    3.32                      -24.313769
                   3.323                      -24.212834
                   3.326                      -24.111355
                   3.329                      -24.009327
                   3.332                      -23.906741
                   3.335                      -23.803591
                   3.338                      -23.699869
                   3.341                      -23.595569
                   3.344                      -23.490681
                   3.347                      -23.385199
                    3.35                      -23.279115
                   3.353                       -23.17242
                   3.356                      -23.065107
                   3.359                      -22.957166
                   3.362                       -22.84859
                   3.365                      -22.739369
                   3.368                      -22.629495
                   3.371                      -22.518959
                   3.374                      -22.407751
                   3.377                      -22.295863
                    3.38                      -22.183284
                   3.383                      -22.070004
                   3.386                      -21.956014
                   3.389                      -21.841304
                   3.392                      -21.725863
                   3.395                      -21.609681
                   3.398                      -21.492747
                   3.401                       -21.37505
                   3.404                      -21.256579
                   3.407                      -21.137323
                    3.41                      -21.017269
                   3.413                      -20.896407
                   3.416                      -20.774724
                   3.419                      -20.652209
                   3.422                      -20.528848
                   3.425                      -20.404629
                   3.428                       -20.27954
                   3.431                      -20.153567
                   3.434                      -20.026697
                   3.437                      -19.898916
                    3.44                      -19.770212
                   3.443                       -19.64057
                   3.446                      -19.509975
                   3.449                      -19.378414
                   3.452                      -19.245873
                   3.455                      -19.112336
                   3.458                      -18.977788
                   3.461                      -18.842215
                   3.464                      -18.705602
                   3.467                      -18.567933
                    3.47                      -18.429192
                   3.473                      -18.289364
                   3.476                      -18.148434
                   3.479                      -18.006385
                   3.482                      -17.863202
                   3.485                      -17.718869
                   3.488                       -17.57337
                   3.491                      -17.426688
                   3.494                       -17.27881
                   3.497                      -17.129718
                     3.5                      -16.979397
                   3.503                      -16.827832
                   3.506                      -16.675008
                   3.509                      -16.520911
                   3.512                      -16.365526
                   3.515                       -16.20884
                   3.518                      -16.050839
                   3.521                      -15.891512
                   3.524                      -15.730846
                   3.527                      -15.568831
                    3.53                      -15.405458
                   3.533                      -15.240719
                   3.536                      -15.074606
                   3.539                      -14.907115
                   3.542                      -14.738242
                   3.545                      -14.567986
                   3.548                      -14.396349
                   3.551                      -14.223334
                   3.554                      -14.048948
                   3.557                      -13.873201
                    3.56                      -13.696106
                   3.563                      -13.517683
                   3.566                      -13.337952
                   3.569                      -13.156943
                   3.572                      -12.974687
                   3.575                      -12.791225
                   3.578                      -12.606602
                   3.581                      -12.420873
                   3.584                        -12.2341
                   3.587                      -12.046354
                    3.59                      -11.857717
                   3.593                      -11.668281
                   3.596                       -11.47815
                   3.599                      -11.287443
                   3.602                      -11.096289
                   3.605                      -10.904836
                   3.608                      -10.713247
                   3.611                      -10.521703
                   3.614                      -10.330401
                   3.617                      -10.139562
                    3.62                      -9.9494238
                   3.623                      -9.7602489
                   3.626                      -9.5723209
                   3.629                      -9.3859468
                   3.632                      -9.2014572
                   3.635                      -9.0192062
                   3.638                      -8.8395713
                   3.641                      -8.6629523
                   3.644                      -8.4897702
                   3.647                      -8.3204654
                    3.65                      -8.1554947
                   3.653                      -7.9953288
                   3.656                      -7.8404474
                   3.659                      -7.6913354
                   3.662                      -7.5484764
                   3.665                      -7.4123475
                   3.668                      -7.2834117
                   3.671                      -7.1621115
                   3.674                      -7.0488608
                   3.677                      -6.9440377
                    3.68                      -6.8479772
                   3.683                      -6.7609641
                   3.686                      -6.6832272
                   3.689                      -6.6149339
                   3.692                      -6.5561864
                   3.695                      -6.5070191
                   3.698                      -6.4673974
                   3.701                      -6.4372185
                   3.704                      -6.4163129
                   3.707                      -6.4044484
                    3.71                      -6.4013341
                   3.713                      -6.4066263
                   3.716                      -6.4199349
                   3.719                        -6.44083
                   3.722                      -6.4688485
                   3.725                      -6.5035012
                   3.728                      -6.5442785
                   3.731                      -6.5906563
                   3.734                      -6.6421021
                   3.737                      -6.6980843
                    3.74                      -6.7580968
                   3.743                      -6.8217322
                   3.746                      -6.8888775
                   3.749                      -6.9600049
                   3.752                       -7.035699
                   3.755                      -7.1146885
                   3.758                      -7.1944455
                   3.761                      -7.2739922
                   3.764                      -7.3534842
                   3.767                      -7.4330916
                    3.77                      -7.5127867
                   3.773                      -7.5924234
                   3.776                      -7.6718079
                   3.779                       -7.750735
                   3.782                      -7.8290038
                   3.785                      -7.9064241
                   3.788                      -7.9828188
                   3.791                      -8.0580244
                   3.794                      -8.1318905
                   3.797                      -8.2042791
                     3.8                      -8.2750637
                   3.803                      -8.3441281
                   3.806                       -8.411366
                   3.809                      -8.4766794
                   3.812                      -8.5399783
                   3.815                      -8.6011793
                   3.818                      -8.6602057
                   3.821                      -8.7169856
                   3.824                      -8.7714525
                   3.827                      -8.8235438
                    3.83                      -8.8732004
                   3.833                      -8.9203667
                   3.836                      -8.9649894
                   3.839                      -9.0070177
                   3.842                      -9.0464023
                   3.845                      -9.0830959
                   3.848                      -9.1170518
                   3.851                      -9.1482246
                   3.854                      -9.1765695
                   3.857                      -9.2020419
                    3.86                      -9.2245978
                   3.863                      -9.2441932
                   3.866                      -9.2607839
                   3.869                      -9.2743259
                   3.872                      -9.2847752
                   3.875                      -9.2920875
                   3.878                      -9.2962185
                   3.881                      -9.2971243
                   3.884                       -9.294761
                   3.887                      -9.2890855
                    3.89                      -9.2800555
                   3.893                      -9.2676301
                   3.896                      -9.2517703
                   3.899                      -9.2324395
                   3.902                      -9.2096047
                   3.905                      -9.1832373
                   3.908                      -9.1533141
                   3.911                      -9.1198194
                   3.914                      -9.0827459
                   3.917                      -9.0420975
                    3.92                      -8.9978913
                   3.923                       -8.950161
                   3.926                      -8.8989598
                   3.929                      -8.8443651
                   3.932                      -8.7864828
                   3.935                      -8.7254532
                   3.938                      -8.6614574
                   3.941                      -8.5947248
                   3.944                      -8.5255421
                   3.947                       -8.454263
                    3.95                      -8.3813194
                   3.953                      -8.3072339
                   3.956                      -8.2326337
                   3.959                      -8.1582655
                   3.962                      -8.0850108
                   3.965                      -8.0139017
                   3.968                      -7.9461357
                   3.971                      -7.8830889
                   3.974                      -7.8263254
                   3.977                      -7.7776006
                    3.98                      -7.7388576
                   3.983                      -7.7122115
                   3.986                       -7.699921
                   3.989                      -7.7043444
                   3.992                      -7.7278783
                   3.995                        -7.77288
                   3.998                      -7.8415766
                   4.001                      -7.9359654
                   4.004                      -8.0577143
                   4.007                      -8.2080708
                    4.01                      -8.3877908
                   4.013                      -8.5970953
                   4.016                      -8.8356599
                   4.019                      -9.1026401
                   4.022                      -9.3967275
                   4.025                      -9.7162308
                   4.028                      -10.059172
                   4.031                      -10.423387
                   4.034                      -10.806623
                   4.037                      -11.206625
                    4.04                      -11.621207
                   4.043                      -12.048304
                   4.046                      -12.486015
                   4.049                      -12.932619
                   4.052                      -13.386591
                   4.055                      -13.846603
                   4.058                      -14.311512
                   4.061                      -14.780359
                   4.064                      -15.252346
                   4.067                      -15.726828
                    4.07                      -16.203296
                   4.073                      -16.681359
                   4.076                      -17.160736
                   4.079                      -17.641241
                   4.082                       -18.12277
                   4.085                      -18.605295
                   4.088                      -19.088854
                   4.091                      -19.573543
                   4.094                      -20.059512
                   4.097                      -20.546962
                     4.1                      -21.036136
                   4.103                      -21.527323
                   4.106                      -22.020854
                   4.109                      -22.517099
                   4.112                      -23.016471
                   4.115                      -23.519425
                   4.118                      -24.026463
                   4.121                      -24.538133
                   4.124                      -25.055035
                   4.127                      -25.577827
                    4.13                      -26.107231
                   4.133                       -26.64404
                   4.136                       -27.18913
                   4.139                      -27.743468
                   4.142                      -28.308131
                   4.145                      -28.884323
                   4.148                      -29.473393
                   4.151                      -30.076866
                   4.154                      -30.696474
                   4.157                      -31.334201
                    4.16                      -31.992331
                   4.163                      -32.673522
                   4.166                      -33.380888
                   4.169                      -34.118123
                   4.172                      -34.889647
                   4.175                      -35.700823
                   4.178                      -36.558249
                   4.181                      -37.470172
                   4.184                      -38.447097
                   4.187                      -39.502699
                    4.19                      -40.655252
                   4.193                      -41.929959
                   4.196                       -43.36297
                   4.199                      -45.008804
                   4.202                      -46.955307
                   4.205                      -49.357627
                   4.208                      -52.529609
                   4.211                      -57.260707
                   4.214                      -66.102686
                   4.217                      -63.234309
                    4.22                      -56.239026
                   4.223                      -52.380858
                   4.226                      -49.777849
                   4.229                      -47.833254
                   4.232                      -46.292468
                   4.235                      -45.024134
                   4.238                      -43.951774
                   4.241                      -43.026987
                   4.244                      -42.217219
                   4.247                      -41.499531
                    4.25                      -40.857155
                   4.253                      -40.277468
                   4.256                      -39.750726
                   4.259                      -39.269256
                   4.262                      -38.826906
                   4.265                      -38.418669
                   4.268                      -38.040417
                   4.271                      -37.688706
                   4.274                      -37.360633
                   4.277                      -37.053728
                    4.28                      -36.765873
                   4.283                      -36.495238
                   4.286                      -36.240232
                   4.289                       -35.99946
                   4.292                      -35.771696
                   4.295                      -35.555853
                   4.298                      -35.350967
                   4.301                      -35.156174
                   4.304                      -34.970701
                   4.307                      -34.793851
                    4.31                      -34.624994
                   4.313                      -34.463559
                   4.316                      -34.309025
                   4.319                      -34.160918
                   4.322                      -34.018803
                   4.325                       -33.88228
                   4.328                      -33.750982
                   4.331                      -33.624569
                   4.334                      -33.502727
                   4.337                      -33.385164
                    4.34                      -33.271608
                   4.343                      -33.161807
                   4.346                      -33.055523
                   4.349                      -32.952536
                   4.352                      -32.852637
                   4.355                       -32.75563
                   4.358                      -32.661332
                   4.361                      -32.569567
                   4.364                       -32.48017
                   4.367                      -32.392985
                    4.37                      -32.307863
                   4.373                      -32.224661
                   4.376                      -32.143245
                   4.379                      -32.063483
                   4.382                      -31.985252
                   4.385                      -31.908432
                   4.388                      -31.832908
                   4.391                      -31.758569
                   4.394                      -31.685307
                   4.397                      -31.613018
                     4.4                      -31.541602
                   4.403                      -31.470958
                   4.406                      -31.400992
                   4.409                      -31.331611
                   4.412                      -31.262721
                   4.415                      -31.194233
                   4.418                      -31.126058
                   4.421                       -31.05811
                   4.424                      -30.990302
                   4.427                       -30.92255
                    4.43                      -30.854768
                   4.433                      -30.786874
                   4.436                      -30.718783
                   4.439                      -30.650415
                   4.442                      -30.581685
                   4.445                      -30.512511
                   4.448                      -30.442811
                   4.451                      -30.372502
                   4.454                      -30.301501
                   4.457                      -30.229724
                    4.46                      -30.157087
                   4.463                      -30.083505
                   4.466                      -30.008893
                   4.469                      -29.933163
                   4.472                      -29.856229
                   4.475                         -29.778
                   4.478                      -29.698388
                   4.481                      -29.617301
                   4.484                      -29.534646
                   4.487                      -29.450327
                    4.49                       -29.36425
                   4.493                      -29.276315
                   4.496                      -29.186422
                   4.499                      -29.094469
                   4.502                      -29.000351
                   4.505                      -28.903961
                   4.508                       -28.80519
                   4.511                      -28.703925
                   4.514                      -28.600052
                   4.517                      -28.493452
                    4.52                      -28.384004
                   4.523                      -28.271585
                   4.526                      -28.156065
                   4.529                      -28.037314
                   4.532                      -27.915197
                   4.535                      -27.789573
                   4.538                      -27.660299
                   4.541                      -27.527228
                   4.544                      -27.390207
                   4.547                      -27.249077
                    4.55                      -27.103677
                   4.553                      -26.953838
                   4.556                      -26.799386
                   4.559                      -26.640142
                   4.562                       -26.47592
                   4.565                      -26.306527
                   4.568                      -26.131764
                   4.571                      -25.951424
                   4.574                      -25.765295
                   4.577                      -25.573155
                    4.58                      -25.374776
                   4.583                       -25.16992
                   4.586                      -24.958343
                   4.589                      -24.739794
                   4.592                      -24.514011
                   4.595                      -24.280728
                   4.598                      -24.039672
                   4.601                      -23.790562
                   4.604                      -23.533118
                   4.607                      -23.267054
                    4.61                      -22.992089
                   4.613                      -22.707946
                   4.616                      -22.414361
                   4.619                       -22.11109
                   4.622                      -21.797918
                   4.625                      -21.474676
                   4.628                      -21.141257
                   4.631                      -20.797641
                   4.634                      -20.443927
                   4.637                      -20.080372
                    4.64                      -19.707447
                   4.643                      -19.325901
                   4.646                       -18.93685
                   4.649                      -18.541879
                   4.652                      -18.143172
                   4.655                      -17.743654
                   4.658                       -17.34716
                   4.661                      -16.958591
                   4.664                      -16.584045
                   4.667                      -16.230881
                    4.67                      -15.907635
                   4.673                      -15.623746
                   4.676                      -15.389009
                   4.679                      -15.212762
                   4.682                      -15.102884
                   4.685                       -15.06478
                   4.688                      -15.100614
                   4.691                      -15.209008
                   4.694                      -15.385299
                   4.697                      -15.622283
                     4.7                      -15.911219
                   4.703                      -16.242837
                   4.706                      -16.608175
                   4.709                      -16.999146
                   4.712                      -17.408833
                   4.715                      -17.831582
                   4.718                      -18.262952
                   4.721                      -18.699589
                   4.724                      -19.139062
                   4.727                      -19.579705
                    4.73                      -20.020467
                   4.733                      -20.460786
                   4.736                      -20.900479
                   4.739                      -21.339657
                   4.742                      -21.778659
                   4.745                      -22.217999
                   4.748                      -22.658323
                   4.751                      -23.100382
                   4.754                      -23.545008
                   4.757                        -23.9931
                    4.76                      -24.445616
                   4.763                      -24.903562
                   4.766                         -25.368
                   4.769                      -25.840044
                   4.772                      -26.320871
                   4.775                       -26.81173
                   4.778                      -27.313958
                   4.781                      -27.828999
                   4.784                      -28.358428
                   4.787                      -28.903985
                    4.79                      -29.467615
                   4.793                      -30.051515
                   4.796                      -30.658206
                   4.799                      -31.290608
                   4.802                      -31.952153
                   4.805                       -32.64693
                   4.808                      -33.379877
                   4.811                      -34.157044
                   4.814                      -34.985974
                   4.817                      -35.876242
                    4.82                      -36.840258
                   4.823                      -37.894517
                   4.826                      -39.061598
                   4.829                      -40.373571
                   4.832                      -41.878152
                   4.835                      -43.650824
                   4.838                      -45.821515
                   4.841                       -48.64354
                   4.844                      -52.722619
                   4.847                      -60.226948
                    4.85                      -65.816409
                   4.853                      -55.107783
                   4.856                       -50.33964
                   4.859                      -47.303002
                   4.862                      -45.079555
                   4.865                       -43.32739
                   4.868                       -41.88186
                   4.871                      -40.650991
                   4.874                      -39.578137
                   4.877                       -38.62589
                    4.88                      -37.768216
                   4.883                      -36.986231
                   4.886                      -36.265775
                   4.889                       -35.59592
                   4.892                      -34.968031
                   4.895                      -34.375137
                   4.898                      -33.811496
                   4.901                        -33.2723
                   4.904                      -32.753449
                   4.907                      -32.251391
                    4.91                      -31.763001
                   4.913                      -31.285485
                   4.916                      -30.816309
                   4.919                      -30.353135
                   4.922                      -29.893781
                   4.925                      -29.436183
                   4.928                      -28.978363
                   4.931                      -28.518415
                   4.934                      -28.054488
                   4.937                      -27.584794
                    4.94                      -27.107625
                   4.943                      -26.621394
                   4.946                      -26.124717
                   4.949                      -25.616547
                   4.952                      -25.096399
                   4.955                      -24.564695
                   4.958                      -24.023316
                   4.961                      -23.476414
                   4.964                      -22.931603
                   4.967                      -22.401563
                    4.97                      -21.905938
                   4.973                      -21.473025
                   4.976                      -21.139986
                   4.979                       -20.94965
                   4.982                      -20.942388
                   4.985                      -21.144488
                   4.988                      -21.558829
                   4.991                      -22.164202
                   4.994                      -22.923826
                   4.997                       -23.79713
                       5                      -24.748608

